-7.8951e-02,-6.7183e-02,4.0453e-03,-1.1524e-02,2.3350e-02,5.6740e-02,3.1466e-02,1.8952e-02,-4.9080e-02,6.1046e-03,2.0237e-02,2.3949e-02,2.8248e-02,6.7218e-02,3.6129e-02,-2.2975e-02,9.2803e-02,1.1053e-01,6.6766e-02,-7.8152e-02,3.2717e-02,5.0113e-02,4.2906e-02,1.7103e-02,7.6474e-02,8.7435e-02,-3.7574e-02,-3.6415e-02,-5.5540e-02,-1.5112e-01,-6.7514e-02,1.0110e-01,1.8001e-04,4.5701e-02,7.9803e-02,-1.6698e-02,8.5538e-03,4.8588e-02,1.1932e-02,3.8647e-02,-4.9987e-03,4.0541e-02,6.9325e-02,3.7668e-02,6.1374e-02,5.2376e-03,-1.0792e-03,1.5443e-02,1.3254e-01,-1.2565e-02,-7.2346e-02,-1.3696e-01,-1.0639e-01,-1.2444e-01,1.2022e-01,1.1543e-01,5.7223e-02,1.7547e-02,6.5601e-02,2.0404e-02,8.2753e-03,-7.5382e-03,7.0589e-03,5.8646e-02,-3.2255e-02,3.0084e-02,-4.5162e-02,6.8240e-02,6.9110e-02,6.9035e-02,-1.6395e-02,-3.6275e-03,1.1665e-01,-1.8255e-02,-3.8720e-02,-2.1448e-01,-2.5631e-01,-1.3360e-01,-5.1932e-02,-3.3450e-02,-1.5336e-02,7.3984e-02,8.2162e-02,1.0495e-01,1.3483e-01,8.3534e-02,-6.5653e-02,-1.9256e-02,5.1260e-03,1.3272e-01,1.8153e-01,-2.8109e-02,-5.6198e-02,8.5897e-02,-1.9666e-02,-1.9593e-02,3.7113e-02,1.3971e-02,1.4645e-02,5.2926e-03
-6.1752e-02,-1.8411e-02,-1.6838e-02,-3.0733e-02,-2.6165e-02,-1.0979e-03,3.9432e-02,-3.9754e-02,-4.4466e-02,-1.0702e-02,-5.8252e-03,-5.6000e-03,-6.6677e-03,-3.2404e-03,-1.0506e-03,6.0855e-03,4.2664e-02,1.5495e-02,3.6136e-02,1.1992e-02,1.0569e-02,-4.4412e-03,1.1574e-01,2.1670e-02,1.3958e-02,5.8971e-02,1.0291e-01,-1.4365e-02,-8.8355e-03,-5.7692e-02,-4.5157e-02,-1.0311e-02,7.1311e-02,3.6117e-04,5.2719e-02,-1.4329e-02,3.8753e-02,-5.0637e-03,1.0609e-01,7.2154e-04,-2.8326e-02,4.4070e-02,-3.8606e-02,-2.3870e-03,4.8706e-02,-3.6567e-02,-7.1421e-02,-7.8963e-02,2.1300e-02,6.8977e-03,-3.1895e-02,-2.8695e-02,4.1872e-02,5.2396e-02,-1.8275e-02,-1.5022e-02,2.0181e-02,5.3080e-02,-3.2742e-02,-3.1026e-02,-4.8604e-02,-2.2745e-02,3.3345e-02,5.4974e-02,4.1301e-02,7.9783e-03,-1.1540e-03,3.5050e-02,4.1799e-02,3.2735e-02,5.3733e-02,-7.5012e-03,-2.8399e-02,1.0659e-01,1.1737e-01,1.3948e-01,-1.0039e-02,-6.3497e-04,-1.4632e-02,-5.1171e-02,-5.5514e-02,-8.3139e-03,4.7755e-02,1.0407e-03,-1.6296e-02,-6.0766e-02,1.1358e-02,-4.8581e-02,2.6873e-02,8.5183e-02,-3.8181e-02,-4.3211e-02,-6.5249e-02,-1.0922e-01,-8.4391e-02,2.8569e-02,3.6472e-03,1.5557e-02,7.2111e-02,8.3990e-02
-2.4955e-02,3.2986e-02,-3.1083e-02,-2.5079e-02,-2.7012e-02,-5.2745e-02,-6.9112e-02,-4.6266e-02,-3.1475e-02,-1.9578e-02,-1.8135e-02,-2.3041e-02,-3.2254e-02,-4.1189e-02,-1.5742e-04,-3.8814e-02,3.5295e-03,2.1028e-03,-1.4234e-01,6.6219e-02,7.5081e-03,-2.6712e-02,-3.3751e-02,7.9396e-02,6.9844e-03,6.0603e-04,2.2781e-02,1.1296e-01,8.7814e-02,1.3371e-02,9.2581e-02,7.2273e-02,-1.3544e-02,-7.0212e-02,-3.8964e-04,2.0924e-02,-1.3658e-02,1.6124e-02,1.3300e-02,-6.3446e-03,-2.9321e-02,-5.9868e-02,-7.9621e-02,-8.5049e-02,-2.4872e-02,4.1446e-02,-2.8752e-02,-4.0193e-02,-1.3901e-02,1.5465e-02,-5.6048e-02,1.7629e-02,-3.7889e-02,-3.2031e-02,-2.3134e-02,-2.1446e-02,-2.3796e-02,-2.0585e-02,3.1906e-03,5.4514e-02,1.3227e-01,2.2884e-02,-1.8545e-02,-3.7684e-02,-2.4466e-02,6.7130e-02,2.7105e-02,2.5669e-02,5.1589e-02,1.5343e-02,4.6526e-02,-4.2101e-03,3.0033e-03,1.1313e-01,-3.6300e-02,7.9581e-03,6.8581e-02,6.0138e-02,4.1800e-02,6.3085e-02,4.3246e-02,-2.0308e-02,-2.8463e-02,5.2943e-03,-1.2134e-01,-4.9029e-02,9.0637e-03,4.0524e-02,-5.6264e-02,-1.1411e-01,-7.6827e-02,-6.0764e-03,-3.9896e-02,-7.7850e-02,1.4987e-02,-1.2973e-02,-1.7211e-02,-3.2673e-02,-6.2467e-02,-4.3277e-02
1.4665e-03,-4.4017e-03,-3.2152e-02,-2.3582e-02,-2.4211e-02,-4.9527e-02,-1.1545e-01,-1.1293e-01,1.8627e-02,-3.5680e-03,-8.9830e-03,-2.1854e-02,-4.0871e-02,-5.1908e-02,-1.3270e-01,-2.7801e-02,4.9914e-03,-5.2788e-02,2.6368e-02,2.9544e-03,8.6258e-02,1.6008e-02,-2.0897e-02,-2.8644e-02,1.9889e-02,-1.9969e-02,-1.9471e-02,-1.3516e-02,1.3541e-01,1.9877e-01,1.9313e-01,6.3665e-02,1.2904e-02,2.1108e-02,3.5845e-03,5.0898e-02,1.6254e-02,-7.4671e-02,-8.1914e-02,-2.3567e-02,-6.9188e-02,-1.1186e-01,-8.5354e-05,3.7293e-02,-4.3377e-02,-4.5570e-02,-1.4523e-02,2.2444e-02,-1.8921e-01,-1.9413e-02,1.6778e-02,-8.5844e-02,-7.6718e-02,-5.5606e-02,-3.2941e-02,-1.4851e-02,-6.7156e-03,-9.1963e-03,-1.3403e-02,-5.2427e-03,3.6874e-02,9.7741e-02,7.8447e-02,-3.5908e-02,-2.1250e-02,1.8261e-02,7.9828e-02,-3.8875e-03,-4.3624e-02,-3.6525e-02,4.4639e-03,5.8361e-02,2.5601e-02,4.8932e-02,-5.7534e-02,-2.5537e-03,2.7238e-02,4.7441e-02,1.4709e-02,2.6411e-02,-3.0025e-02,4.1246e-05,-7.3360e-02,-1.0796e-01,-1.7162e-02,-3.4260e-02,-3.5078e-02,-7.2817e-02,-1.0339e-01,-2.0781e-01,-3.0552e-02,2.1914e-02,2.1435e-02,2.8905e-02,6.7734e-03,-2.3831e-03,-3.2291e-02,-8.1337e-02,-1.0714e-01,-6.6273e-02
5.9344e-02,-1.3187e-02,-3.0349e-02,-3.0900e-02,-2.6402e-02,-5.8513e-02,-1.1076e-01,-4.5607e-02,-4.8789e-02,4.1682e-03,7.1222e-03,-7.4091e-03,-6.8828e-03,-2.1525e-02,-2.6187e-02,2.0686e-02,-1.1464e-02,-6.8848e-03,5.3748e-02,1.1106e-02,9.9067e-02,7.7636e-02,3.6589e-02,4.2796e-02,2.7278e-02,-1.1993e-02,1.5702e-03,3.3559e-02,-2.6877e-02,9.3999e-02,6.9520e-02,-1.5084e-02,1.8647e-02,1.4713e-01,1.6949e-01,6.0384e-02,-2.6285e-03,-1.0393e-02,-1.2780e-01,-1.0190e-01,2.2121e-03,1.9747e-02,5.2620e-02,5.5519e-02,-8.1744e-02,-9.0366e-02,-8.0725e-02,-7.3035e-02,-1.7345e-02,-5.9336e-02,-6.5845e-02,-4.9505e-02,-7.6916e-02,-6.7087e-02,-5.4657e-02,-4.0996e-02,-2.3564e-02,-6.5797e-03,-3.5495e-05,-4.0901e-03,-9.2219e-03,1.1029e-02,4.3181e-02,4.5542e-02,3.4589e-02,2.7739e-02,6.1156e-02,5.7815e-02,7.3775e-02,-4.2214e-03,-1.5866e-02,4.4513e-02,5.2641e-02,-1.1928e-01,-7.5091e-02,-1.2189e-02,3.3609e-03,-7.8283e-02,1.0683e-02,2.4067e-02,-2.8155e-02,2.9437e-02,-1.1132e-01,-6.6106e-02,-1.5814e-02,-4.8808e-02,-1.0966e-01,-1.1776e-01,-1.5027e-01,-9.5438e-02,-8.3323e-02,3.6892e-02,9.2951e-03,7.0387e-02,1.1557e-02,-2.0755e-02,-4.8492e-02,-5.0343e-02,-8.1738e-03,2.7772e-03
4.6222e-02,-2.2290e-02,-3.3611e-02,-4.7379e-02,-3.1737e-02,-8.7127e-02,-2.2338e-02,-3.5922e-02,-7.1753e-02,-1.1575e-01,-8.1427e-02,-2.0868e-02,-3.5080e-02,1.5219e-02,1.5141e-02,1.4797e-03,-3.6095e-02,3.8683e-02,5.8812e-02,2.5906e-02,8.2712e-02,1.1494e-01,7.8899e-02,6.2078e-02,7.7298e-02,1.0517e-01,1.1441e-01,7.1205e-02,-4.3540e-02,8.1282e-03,6.2627e-04,1.5546e-02,2.2521e-02,1.5548e-01,-3.8211e-02,-1.2824e-02,-6.7804e-02,5.6053e-02,1.5407e-01,5.6942e-02,2.9375e-02,2.3635e-02,1.8609e-02,-8.6383e-02,-9.6475e-02,-1.6391e-01,-4.3548e-02,-3.8289e-02,-8.8102e-02,-7.7761e-02,-4.2174e-02,4.5561e-02,2.4202e-03,-2.3534e-02,-2.4550e-02,-5.3457e-03,2.2474e-02,1.8661e-02,-8.1567e-03,2.1674e-03,1.3491e-02,1.9984e-02,5.6065e-02,6.8768e-03,2.2133e-01,6.0516e-02,1.0685e-01,1.1230e-01,1.5743e-01,1.6317e-01,2.4948e-02,3.6500e-02,1.3939e-01,-3.1022e-03,7.1354e-02,5.3214e-02,-4.5462e-02,2.5234e-02,-3.2745e-02,-2.7991e-03,-4.0262e-02,1.5952e-02,-5.7433e-02,-2.5267e-02,1.9346e-02,2.7762e-02,-3.2158e-02,-4.8954e-02,5.5680e-03,3.0515e-02,7.3536e-02,-1.1988e-01,-8.8833e-02,-7.6011e-02,-1.1217e-01,-1.2307e-01,-3.8957e-02,6.7045e-02,9.8702e-02,1.3415e-01
-7.8169e-02,-5.5922e-02,-1.1176e-01,-8.2835e-02,-4.2139e-02,-4.6453e-02,-5.2714e-02,-6.9448e-02,-8.2288e-02,-1.0014e-01,-1.3562e-01,-1.0443e-01,1.6806e-02,-2.1937e-02,2.4428e-02,9.1458e-03,4.2242e-02,5.0369e-02,5.1306e-02,2.7001e-02,8.6586e-03,5.4500e-02,6.8945e-02,9.9060e-02,1.4204e-01,1.5382e-01,1.1198e-01,1.0972e-01,5.5917e-02,6.2550e-02,-9.6605e-02,-5.0430e-03,4.6579e-02,-5.2269e-02,-8.5988e-02,-1.4537e-02,3.6581e-03,9.5774e-02,4.9270e-02,6.1287e-03,-4.0660e-02,-8.3810e-02,-1.1244e-01,-1.1841e-01,-9.7652e-02,-2.9535e-02,-4.2135e-02,-9.9091e-02,-1.0212e-01,-9.2624e-02,-7.6333e-02,-5.5754e-02,2.6535e-02,-3.5929e-02,-6.0300e-02,-9.6154e-02,-7.7800e-02,-3.4968e-02,-2.9187e-03,1.9898e-02,2.1132e-02,1.2035e-02,1.5521e-02,3.3380e-02,1.5499e-01,7.2028e-02,9.1405e-02,3.5149e-02,6.0427e-02,9.4399e-02,1.3690e-01,1.2758e-01,1.3908e-01,1.7078e-01,1.5815e-01,8.2146e-02,3.4445e-02,9.0887e-02,6.8608e-03,-1.1286e-01,2.0807e-02,-6.1949e-02,2.4436e-02,2.4817e-02,-7.3021e-02,-2.8746e-02,-7.4537e-02,-1.3341e-01,-6.9584e-02,-1.7033e-02,-5.6774e-02,-1.1439e-01,-1.5831e-01,-1.5654e-01,-1.1021e-01,-3.3274e-02,6.3424e-02,9.9130e-02,6.5390e-02,6.8610e-03
-1.7564e-02,1.6674e-03,3.9620e-02,-6.1458e-02,-1.7846e-01,-7.4654e-02,-7.3886e-02,-8.1495e-02,-8.8151e-02,-9.3259e-02,-9.8691e-02,-1.1661e-01,-9.6899e-02,1.6339e-02,-9.5195e-03,2.8548e-02,-6.6192e-03,5.5138e-02,-5.5868e-03,1.7161e-02,-1.8983e-02,7.9858e-02,8.8349e-02,-2.0078e-03,1.2609e-01,1.4994e-01,1.1114e-01,1.2571e-01,1.7515e-01,9.0882e-02,1.0029e-01,2.0678e-01,1.6053e-01,1.4338e-02,-8.5557e-03,6.3673e-02,5.6428e-02,3.4098e-02,-1.3695e-02,-1.3207e-02,-8.2011e-02,-6.5619e-02,-1.7045e-01,-1.2072e-01,-4.7243e-02,-3.2792e-02,-1.0037e-01,-1.1287e-01,-1.0906e-01,-1.0045e-01,-1.0396e-01,-1.2879e-01,-1.5469e-01,-9.6812e-02,-5.2129e-02,-4.5838e-02,-1.5319e-02,1.3932e-02,2.9502e-02,3.0416e-02,3.0237e-02,2.1922e-02,-2.1019e-03,1.6750e-01,4.5902e-03,4.2791e-02,7.9100e-02,9.0654e-02,6.9882e-02,8.9370e-02,8.3808e-02,8.5123e-02,-5.2791e-02,1.3567e-01,1.5575e-01,7.2727e-02,4.9621e-02,4.5216e-02,-1.0157e-01,-8.8465e-02,-1.2069e-01,-1.6279e-01,1.0172e-01,-7.8701e-02,-5.4216e-02,-5.7970e-02,-1.1171e-01,-7.0870e-02,-3.8618e-02,-4.2453e-02,-8.2259e-02,-1.3994e-01,-1.7343e-01,-1.3379e-01,-4.9698e-02,-2.7844e-02,-3.6677e-02,-5.1517e-02,-2.0043e-02,-6.3851e-02
5.0255e-02,7.4649e-02,1.0725e-01,-2.7516e-02,-9.4159e-02,-1.5932e-01,-9.4047e-02,-8.2845e-02,-8.5157e-02,-8.5482e-02,-8.0674e-02,-7.3979e-02,-8.0844e-02,-9.2620e-02,-3.2481e-03,-1.1069e-02,-9.0978e-02,-8.0596e-03,6.4914e-02,6.4547e-02,2.5299e-02,7.8788e-02,1.1604e-01,8.5194e-02,-2.5038e-02,8.0093e-02,1.1398e-01,1.7453e-01,1.4628e-01,1.4747e-01,9.7589e-02,1.9442e-01,1.3197e-01,4.6495e-02,4.6524e-02,7.4005e-02,2.4543e-02,-7.8282e-02,-3.6708e-02,-2.8591e-02,-4.8121e-02,-1.7491e-01,-1.0195e-01,-8.3932e-02,-4.8470e-02,-7.4945e-02,-1.0150e-01,-1.0464e-01,-1.0753e-01,-1.3911e-01,-1.8828e-01,-1.6877e-01,-1.3226e-01,-9.9994e-02,-5.9606e-02,2.5221e-02,3.0999e-02,6.0955e-03,7.8767e-03,1.0580e-02,1.8967e-02,2.8028e-02,3.7901e-02,1.1535e-01,9.8701e-03,5.4654e-02,7.0374e-02,4.4467e-02,9.4294e-02,1.6327e-01,1.0802e-01,3.6269e-02,-5.3241e-02,5.9724e-02,6.0894e-02,-4.6091e-02,-6.6999e-02,-4.0905e-02,1.1928e-02,2.2962e-02,7.6987e-02,-3.6360e-02,-1.6205e-01,-5.1320e-02,-2.0937e-01,-2.1614e-01,-1.1479e-01,-5.4815e-02,-5.3107e-02,-5.6343e-02,-1.3881e-01,-8.3718e-02,-1.1604e-01,2.6079e-02,2.8936e-03,1.5459e-02,-5.9968e-02,-8.3186e-02,-4.4039e-02,8.0137e-02
3.8427e-02,1.4233e-02,-4.1363e-04,2.8050e-02,-1.8782e-02,-2.0460e-02,-1.2931e-01,-8.1237e-02,-6.4730e-02,-6.5153e-02,-6.2804e-02,-5.5600e-02,-4.8612e-02,-5.4110e-02,-9.6247e-02,-8.6678e-02,-2.0956e-02,1.8468e-02,6.7257e-02,1.1523e-01,6.6182e-02,2.8343e-02,1.0918e-01,8.2356e-02,4.0075e-02,4.4917e-02,3.2894e-02,8.3056e-02,1.4553e-01,4.5337e-02,9.6088e-02,1.0533e-01,8.4803e-02,3.9390e-02,9.3380e-02,1.9119e-02,-3.7261e-02,-1.0282e-01,-4.4300e-02,-2.1744e-02,-2.4685e-02,-4.7158e-02,-1.4049e-02,-9.9458e-02,-1.0378e-01,-9.7332e-02,-1.1228e-01,-1.2990e-01,-1.2465e-01,-1.1473e-01,-1.1706e-01,-1.1927e-01,-1.0457e-01,-8.2827e-02,-6.3283e-02,-4.8632e-02,-3.4612e-02,-9.6922e-03,3.7762e-02,8.0749e-02,6.7465e-02,7.1037e-02,1.2849e-01,1.1156e-01,3.9720e-02,7.0931e-02,7.8917e-02,6.3466e-02,9.8339e-02,8.1979e-02,1.1369e-01,6.2504e-02,6.4360e-02,1.5853e-01,3.8095e-02,9.6935e-02,9.3263e-02,4.4075e-02,9.1004e-02,1.9749e-02,4.5144e-02,-7.5823e-02,-8.0515e-02,-9.4622e-02,-6.7343e-02,-6.2411e-02,-1.4057e-01,-6.6246e-02,-1.5824e-01,-1.5986e-01,-8.6451e-02,-8.2190e-02,3.4403e-02,-8.4447e-02,-7.8295e-02,-5.7995e-02,-6.0077e-02,-5.1555e-02,-2.0741e-03,2.6380e-02
-2.6402e-02,-5.2241e-02,-1.1005e-01,-4.0979e-02,-1.1901e-02,-4.4405e-02,-1.4906e-02,-1.0313e-01,-4.7617e-02,-2.9126e-02,-3.3859e-02,-3.9254e-02,-4.1631e-02,-5.5862e-02,-9.5780e-02,-6.3374e-02,-3.6560e-02,-6.0995e-02,7.6121e-02,6.9944e-02,1.2408e-01,6.2659e-02,8.1735e-02,7.7008e-02,4.9053e-02,6.7244e-02,1.5441e-01,9.0505e-02,8.0152e-02,6.5225e-03,4.2136e-02,2.4580e-02,6.7614e-02,3.3709e-02,1.2341e-01,4.5199e-02,-3.4395e-02,-2.1446e-02,-1.1762e-01,-1.8095e-02,-3.9660e-02,2.1501e-02,-4.7516e-02,-7.3136e-02,-6.6715e-02,-5.1268e-02,-5.2808e-02,-5.8543e-02,-6.2472e-02,-6.4621e-02,-6.4684e-02,-6.0923e-02,-4.6211e-02,-2.2565e-02,-1.0360e-02,-1.9914e-02,-3.2176e-02,-3.2155e-02,-2.7023e-02,-2.0872e-02,1.3224e-02,9.2096e-02,1.0972e-01,-2.5932e-02,1.1641e-01,1.6227e-01,1.1806e-01,9.3095e-02,9.7146e-02,5.8813e-02,4.8349e-02,1.3802e-01,1.5923e-01,6.6396e-02,2.3010e-02,-1.6502e-02,1.1800e-01,6.1367e-02,6.1394e-02,9.0185e-02,-9.5333e-02,-8.4858e-02,-1.1155e-01,-1.3231e-01,-1.4345e-01,-8.3190e-02,1.0382e-01,-1.1748e-01,-1.9952e-01,-1.2092e-01,-7.9798e-02,7.1525e-02,-7.8802e-02,-1.1297e-01,-1.6018e-01,-1.4147e-01,-3.9301e-02,-1.0948e-01,-8.6181e-02,-1.1288e-02
2.6266e-02,-1.0295e-01,-7.5632e-02,-6.2141e-02,-2.7033e-02,-7.8378e-02,-3.2972e-02,-3.5260e-02,-1.1568e-01,-4.8790e-02,-2.8204e-02,-3.1940e-02,-6.2628e-02,-8.0568e-02,-5.0574e-02,-3.3953e-02,-2.2107e-02,-2.1738e-02,-2.1482e-02,5.9235e-02,6.9667e-02,7.9215e-02,5.7566e-02,1.4607e-01,8.6676e-02,1.3932e-01,1.3690e-01,2.1601e-02,1.0056e-01,1.4485e-01,1.2890e-01,7.1185e-02,3.4989e-02,6.1406e-02,5.5238e-03,4.0329e-02,6.3906e-02,-5.0428e-02,-6.0105e-02,-7.9228e-02,6.2442e-04,-4.9447e-02,-4.6956e-02,-5.4928e-02,-7.4573e-02,-9.4161e-02,-1.0459e-01,-1.0816e-01,-1.0650e-01,-1.0016e-01,-9.0241e-02,-8.1120e-02,-7.9854e-02,-8.5273e-02,-8.5064e-02,-7.0967e-02,-4.2079e-02,6.8963e-04,2.9267e-02,1.9827e-02,5.4105e-02,-5.0879e-04,1.2424e-01,2.1525e-02,5.7451e-02,7.0345e-02,9.1864e-02,1.9255e-01,1.1958e-01,4.5180e-02,8.5475e-02,1.3259e-01,1.7326e-01,5.3101e-02,5.2916e-02,6.8356e-02,3.7889e-02,5.5954e-03,1.4622e-02,-2.6880e-02,-9.2978e-02,1.9977e-02,3.9950e-03,3.5184e-02,2.1616e-02,-7.6936e-02,-1.0828e-01,-1.0290e-01,-9.1408e-02,-5.8347e-02,-6.2395e-02,-1.1858e-01,-1.3220e-01,-1.4936e-01,-4.0911e-02,-6.1542e-02,-6.8173e-02,-6.5091e-02,-8.6127e-02,-4.0046e-02
-1.9261e-04,4.7049e-03,-3.7318e-02,-6.4812e-02,-6.9936e-02,-1.7630e-02,-7.2309e-02,-2.5991e-02,-4.0915e-02,-1.2951e-01,-6.8132e-02,-5.9430e-02,-8.3670e-03,3.7488e-02,3.2610e-02,4.4999e-03,-3.5034e-02,-3.7292e-02,-6.4071e-02,2.1838e-02,4.2016e-02,7.2563e-02,5.6307e-02,6.1314e-02,1.1340e-01,1.4995e-01,1.6181e-01,1.4134e-01,8.7210e-02,1.2165e-01,5.8552e-02,2.1197e-02,-2.2759e-02,7.8595e-02,1.8514e-02,2.1140e-02,-7.6140e-03,7.0168e-02,1.0795e-02,-7.0316e-02,-5.1218e-02,-5.4215e-02,-5.2763e-02,-8.3807e-02,-1.0428e-01,-1.1284e-01,-1.1418e-01,-1.1008e-01,-1.0082e-01,-8.7436e-02,-7.5268e-02,-7.2198e-02,-7.6895e-02,-7.9897e-02,-7.4802e-02,-6.1420e-02,-4.6414e-02,-3.3188e-02,-5.4870e-03,3.9955e-02,7.5335e-02,1.4980e-01,-3.9761e-02,3.2795e-02,8.6743e-02,5.7528e-02,6.9471e-02,1.4554e-01,1.9076e-01,5.8426e-02,7.4813e-02,1.5504e-01,1.7070e-01,-8.7805e-03,6.8345e-02,2.5760e-02,5.6612e-03,6.4173e-02,2.7424e-02,-1.0945e-01,1.1735e-01,-8.8259e-02,-3.1462e-02,-3.0796e-02,3.4571e-06,-6.9947e-02,-1.4651e-01,-1.4714e-01,-1.4733e-01,-9.5507e-02,-1.0404e-01,-1.4531e-01,-6.0541e-02,-2.4611e-02,-3.6342e-02,-4.1019e-02,-3.9007e-02,7.1139e-02,3.1889e-02,1.3926e-02
-6.2741e-02,4.4789e-02,1.4407e-02,-2.7235e-02,-7.0664e-02,-6.0077e-02,-7.4849e-02,-2.7689e-02,-2.0786e-02,-4.2401e-02,-1.6921e-01,-6.7276e-02,-3.6045e-03,2.0449e-02,4.4667e-02,7.8995e-02,9.6051e-02,4.7059e-02,-3.1753e-02,-2.7101e-02,2.6914e-02,1.1813e-02,6.8057e-02,4.7405e-02,1.2883e-01,9.7508e-02,7.3949e-02,9.5609e-02,1.4040e-01,9.2787e-02,1.2856e-01,6.7122e-02,7.5948e-02,1.1723e-01,-4.7018e-03,-4.7177e-02,6.0858e-02,1.1497e-01,3.8032e-02,-6.1149e-02,-5.2475e-02,-8.3374e-02,-8.5849e-02,-1.0337e-01,-1.1293e-01,-1.1442e-01,-1.0984e-01,-9.9651e-02,-8.5389e-02,-7.3668e-02,-7.2073e-02,-7.6058e-02,-7.5089e-02,-6.4126e-02,-4.6217e-02,-3.2391e-02,-2.5512e-02,-9.0555e-03,6.2133e-03,3.6232e-02,5.2204e-03,7.7194e-02,8.3332e-02,9.8298e-02,1.2966e-01,6.9046e-02,8.0565e-02,1.2413e-01,8.7095e-02,1.7212e-01,2.0724e-01,1.1190e-01,4.4648e-02,7.4031e-02,1.5937e-03,-5.5904e-03,3.8538e-02,9.5384e-02,-1.5630e-01,-3.1457e-02,-2.1065e-02,8.6787e-02,-7.0385e-02,-7.1342e-02,-8.9823e-02,-1.3457e-02,-1.1383e-01,-5.1244e-02,-7.5548e-02,-9.3073e-02,-1.3447e-01,-1.2242e-01,-7.5297e-02,-6.5784e-03,-2.2538e-02,-1.2369e-02,-5.2816e-03,2.8361e-02,2.1514e-02,3.4282e-02
2.3211e-02,6.7396e-03,5.0411e-02,-2.4983e-02,1.2647e-03,-6.0221e-02,-2.0958e-02,-7.0304e-02,-4.0515e-03,-6.1673e-02,-4.2864e-02,-1.0316e-01,-4.5677e-02,-5.6673e-03,1.0287e-02,2.8158e-02,4.8554e-02,5.9833e-02,8.2513e-02,-9.1104e-03,1.0314e-01,5.9576e-02,1.3437e-03,3.9668e-02,1.0413e-01,7.3573e-02,4.7497e-02,7.3089e-02,5.8611e-02,1.1780e-01,5.7393e-02,1.7179e-01,1.1635e-01,4.3395e-02,2.8335e-02,2.3011e-02,-2.8757e-02,-1.5473e-03,7.9881e-02,-2.0111e-02,-6.2643e-02,-1.2729e-01,-1.3104e-01,-1.3391e-01,-1.3095e-01,-1.2242e-01,-1.0900e-01,-9.2438e-02,-7.9809e-02,-7.7970e-02,-8.0357e-02,-7.5892e-02,-6.0116e-02,-3.9096e-02,-2.7492e-02,-2.4017e-02,-1.0484e-02,-1.7164e-03,-1.7232e-02,3.7489e-02,-1.3317e-02,-1.8150e-02,4.8716e-02,8.8955e-02,1.3636e-01,1.1578e-01,1.0115e-01,1.4614e-03,4.1573e-02,1.7203e-01,7.2215e-02,2.5928e-02,-2.7969e-02,2.8106e-02,1.7563e-01,1.1938e-01,4.7417e-02,-8.4179e-02,-8.1497e-02,-3.8960e-02,-3.7058e-02,-2.1056e-02,-1.7964e-02,-2.3896e-01,-4.8373e-02,-5.9207e-02,-1.5136e-01,-5.0507e-02,-5.3645e-02,-5.2948e-02,-1.3532e-01,-1.2093e-01,-9.8081e-02,-7.6818e-02,-2.9764e-02,-6.2879e-02,-5.8276e-02,-3.7061e-02,2.8306e-02,-3.9643e-04
2.2700e-03,-2.1983e-02,3.2098e-02,3.1357e-02,-3.9598e-02,3.7074e-02,-3.4279e-02,-2.3817e-02,-9.1061e-02,1.6436e-02,1.3923e-02,-1.6113e-02,-5.4660e-02,-5.5299e-02,-5.6650e-03,1.1537e-02,3.0730e-02,4.7038e-02,4.7673e-02,2.5348e-02,2.1061e-02,1.8601e-01,1.0458e-01,7.2806e-02,9.4440e-02,7.7702e-02,7.4885e-02,8.8838e-02,8.4586e-02,8.1069e-02,5.1552e-02,5.9059e-02,2.2706e-01,4.5780e-02,-5.9234e-02,-2.9330e-02,-5.4983e-02,-3.8735e-02,2.7049e-02,-2.7789e-02,-5.8067e-02,-3.0046e-02,-5.2025e-02,-6.7578e-02,-7.3517e-02,-7.9863e-02,-9.1969e-02,-1.0750e-01,-1.1581e-01,-1.1016e-01,-9.2708e-02,-6.5737e-02,-3.9617e-02,-3.0874e-02,-3.0357e-02,-1.8404e-02,-8.7265e-03,-3.0179e-02,8.4241e-02,-4.0705e-02,2.9673e-02,3.4503e-02,1.0648e-01,1.1323e-01,8.1206e-02,5.4920e-02,-3.3290e-02,3.3442e-02,4.4829e-02,1.0293e-01,-3.0999e-02,-6.0956e-02,9.6226e-02,1.1960e-01,4.9304e-02,5.5349e-02,6.2509e-02,-2.4058e-03,6.7885e-03,-2.4374e-02,-4.6260e-02,-6.6249e-02,-8.0617e-02,-1.1115e-02,-2.6814e-02,-1.0184e-01,-1.3916e-01,-3.6295e-02,-6.7506e-02,-7.7842e-02,-4.1939e-02,-1.0035e-01,-1.0072e-01,-9.2906e-02,-6.1938e-02,-7.2636e-02,-7.1510e-02,-4.5215e-02,-5.1640e-02,5.2673e-02
2.7128e-02,2.9196e-02,3.9984e-03,3.0005e-02,2.8042e-02,-3.0467e-02,-8.8678e-03,-2.8292e-02,-3.5324e-02,2.3382e-02,5.7732e-02,2.1542e-02,1.5634e-02,-1.7127e-02,-9.3021e-02,-8.3604e-03,1.7599e-02,3.6157e-02,4.2527e-02,2.6313e-02,-1.8212e-02,4.9827e-02,7.7051e-02,6.4084e-02,6.3915e-02,7.8698e-02,1.1127e-01,4.6503e-02,3.4185e-02,6.4666e-02,1.1163e-01,1.5304e-03,8.8013e-03,-5.9902e-02,2.8529e-02,-2.0289e-02,-2.2157e-02,-5.3171e-03,-5.4436e-03,9.3463e-03,-6.2336e-02,3.0118e-02,-3.0520e-02,-5.8635e-02,-6.5515e-02,-5.9323e-02,-4.8587e-02,-3.5656e-02,-2.0998e-02,-6.9772e-02,-9.7242e-02,-7.3189e-02,-5.1543e-02,-4.5023e-02,-3.1284e-02,-1.5050e-02,-3.2915e-02,2.7275e-02,-1.6689e-02,-5.3458e-02,6.4857e-02,5.0952e-02,6.7856e-02,6.3099e-02,2.0474e-04,-4.8155e-02,1.5334e-01,7.9738e-02,3.8244e-02,2.2663e-02,-1.5772e-02,1.5035e-01,9.5790e-02,7.4768e-02,-1.6034e-02,2.7100e-02,6.7512e-02,-2.8526e-02,-7.8168e-03,-5.7529e-03,-9.5206e-03,-9.7852e-02,-3.0219e-02,-5.9791e-02,-6.0510e-02,-1.1254e-01,-9.5542e-02,-4.4649e-02,-7.0275e-02,-8.2435e-02,3.4277e-02,-6.2151e-02,-7.9226e-02,-8.5020e-02,-8.0218e-02,-3.6550e-02,-6.4692e-02,-2.4563e-02,-3.5862e-02,2.4323e-02
-3.1232e-02,-2.7079e-02,3.5550e-02,-1.1449e-02,1.3471e-02,-8.8373e-03,-6.9578e-03,2.5060e-02,1.1150e-01,1.0279e-02,4.5113e-02,4.9864e-02,5.3491e-02,3.4540e-02,1.1807e-02,-7.8617e-02,-2.0653e-02,2.0771e-02,2.7286e-02,3.4289e-02,6.7938e-02,-3.9508e-02,1.4288e-03,7.3396e-02,2.4379e-02,1.4941e-02,9.3420e-02,1.0555e-01,8.2910e-02,2.5777e-02,2.4424e-02,-1.3896e-02,-4.4723e-02,-3.1998e-03,3.5536e-02,5.2565e-02,4.2005e-02,1.5197e-03,-5.5604e-02,4.1875e-02,-5.1752e-02,-1.8050e-03,-3.1364e-02,-5.3676e-02,-5.8144e-02,-5.4982e-02,-5.5018e-02,-5.8046e-02,-5.0650e-02,-1.3696e-02,1.8870e-02,-6.4542e-02,-9.0718e-02,-5.6258e-02,-2.4856e-02,-2.8578e-02,2.3186e-02,3.0088e-02,2.0095e-02,8.2353e-03,-1.8224e-02,-2.9714e-02,-5.4798e-02,1.6746e-02,-1.9921e-02,1.3204e-01,1.0594e-01,5.4629e-02,-4.7600e-02,6.6228e-02,8.0179e-02,3.4929e-02,6.3234e-02,7.8642e-02,8.9576e-03,1.1485e-01,-1.9799e-03,3.1483e-02,6.9180e-02,2.7182e-02,-2.7401e-02,-6.3171e-02,-5.6256e-02,-3.5421e-02,-1.9946e-01,-8.1607e-02,-5.8062e-02,-5.2542e-02,-9.6586e-02,-3.1168e-02,6.4975e-03,-2.2314e-02,-5.1606e-02,-6.2901e-02,-6.6277e-02,-2.7951e-02,-4.0325e-02,2.6137e-02,-5.6531e-02,-4.4726e-02
-5.3498e-02,-1.0519e-01,-2.8977e-02,-5.0899e-03,-2.2280e-02,1.1176e-01,2.7813e-02,1.4875e-02,2.8628e-02,1.1797e-01,4.5951e-02,3.1194e-02,5.3501e-02,6.3184e-02,5.8404e-02,4.7510e-02,3.9186e-03,-5.9377e-02,-7.9620e-02,3.9962e-02,7.4023e-02,-2.3381e-02,-3.4746e-03,5.6113e-02,2.5727e-03,2.4780e-02,-9.0116e-03,8.0674e-03,2.2421e-02,6.0279e-02,1.0825e-01,1.0951e-02,-4.1236e-02,6.0781e-02,3.4519e-02,-2.1182e-02,4.2908e-03,2.7109e-02,-8.5804e-02,-9.6638e-03,-2.4980e-03,-8.7873e-02,-1.5413e-02,-3.8964e-02,-4.6069e-02,-4.7729e-02,-5.1098e-02,-5.0026e-02,-3.4249e-02,-1.5564e-02,-1.5470e-02,2.9299e-03,-8.2490e-02,-5.5518e-02,-2.0648e-02,3.1394e-02,-5.9541e-03,1.0267e-02,-4.0635e-02,3.8088e-02,2.9644e-02,3.8729e-02,4.5110e-02,-1.0177e-02,6.4593e-02,6.0586e-02,6.0394e-02,-2.4074e-02,1.0111e-01,1.7116e-02,4.2716e-02,-1.9294e-02,1.2518e-02,-5.8897e-02,4.4240e-02,-2.1964e-02,1.1846e-03,-3.9940e-03,-3.5560e-03,7.3055e-03,1.3700e-02,-1.8263e-02,-4.4454e-02,1.1183e-02,-8.2872e-02,1.4413e-02,-3.6811e-02,-6.6200e-02,-7.4447e-02,-2.1597e-02,-3.7461e-02,8.8500e-03,-2.4310e-02,-4.1580e-02,-4.7231e-02,-3.0385e-02,1.7641e-02,-3.1512e-03,-2.6338e-02,-5.6058e-02
1.3906e-01,-5.2176e-02,3.3359e-03,4.5922e-02,-6.6162e-03,-1.5998e-02,6.3016e-02,7.1704e-03,7.6335e-03,1.2366e-02,2.0652e-02,9.2005e-02,2.3943e-02,2.8674e-02,4.6008e-02,4.6902e-02,-1.1029e-02,7.1003e-03,-5.3006e-02,2.1325e-02,5.9282e-02,5.8954e-02,2.7003e-02,2.6575e-02,3.4290e-02,7.1928e-03,-4.6991e-02,3.6926e-02,6.7028e-03,2.4787e-02,3.3710e-02,4.9935e-02,-1.8830e-02,2.5903e-02,2.6583e-03,-1.3153e-02,6.9639e-04,1.3934e-03,-6.5169e-02,-3.1403e-02,8.7665e-02,-1.5832e-02,4.3666e-04,-2.4283e-02,-3.4908e-02,-3.8929e-02,-3.9553e-02,-2.9339e-02,-1.2460e-02,-1.9313e-02,-3.8235e-02,-4.3772e-02,-1.7920e-02,-2.2236e-02,4.9033e-02,1.4897e-02,-1.9271e-02,-1.8752e-02,-4.6548e-02,6.2034e-02,4.0892e-02,-1.4640e-03,-4.2753e-02,-4.5753e-03,2.2935e-02,4.8859e-02,1.4962e-02,1.2909e-01,4.5851e-02,7.0156e-02,1.0570e-01,3.1633e-02,-3.5956e-02,9.5182e-02,4.9663e-02,-4.0306e-02,-8.2660e-03,3.3817e-03,-1.5385e-02,-4.1597e-03,-1.1332e-02,2.8551e-02,1.1834e-02,1.0367e-02,3.6343e-02,-2.1341e-04,-4.9240e-03,-9.5282e-02,-1.4116e-02,-2.8147e-02,-5.5410e-02,3.8368e-03,4.1791e-03,-2.0160e-02,-2.4232e-02,7.5944e-03,2.8362e-02,-6.1301e-03,1.3948e-02,-2.8096e-02
4.4221e-04,1.3982e-01,-2.0746e-02,-2.3049e-02,8.1185e-02,1.3527e-02,5.2150e-02,8.2029e-02,2.9683e-02,2.8239e-02,6.7060e-03,-8.8167e-04,4.5252e-02,8.5623e-02,5.9389e-02,6.7978e-02,7.4567e-02,7.9017e-02,6.2240e-02,-1.1651e-02,1.9702e-02,5.2460e-02,2.1396e-02,2.3282e-02,1.2000e-02,4.2030e-02,-1.1248e-02,3.6533e-02,5.6280e-02,-4.0906e-03,5.9983e-02,2.3373e-02,4.9519e-02,-2.9864e-02,5.6158e-02,2.9033e-02,6.3416e-03,-1.2508e-02,9.9617e-02,-3.3672e-02,2.4079e-02,1.4818e-02,5.9321e-03,-1.0320e-02,-2.2619e-02,-2.5017e-02,-1.8331e-02,-3.2766e-03,-4.3507e-03,-2.6086e-02,-4.2290e-02,-4.4056e-02,-3.0520e-02,9.0565e-02,4.5302e-02,-2.9006e-02,1.5653e-02,3.1000e-03,-1.9552e-02,5.0858e-02,-5.0677e-03,3.5326e-02,-1.9868e-02,-5.6731e-02,-2.2903e-02,2.2558e-02,5.0910e-02,8.3124e-02,5.7743e-02,3.8159e-02,8.9465e-03,1.8274e-02,5.2278e-03,1.6787e-02,-8.6986e-02,-3.6611e-02,4.0366e-03,1.3917e-02,-9.2404e-03,2.0845e-02,1.7052e-02,5.3624e-02,3.2377e-02,1.0999e-02,7.6111e-02,-2.7245e-02,6.4391e-02,9.4019e-03,1.3451e-02,-2.8487e-02,-5.7162e-02,-7.2978e-03,1.1704e-02,7.9502e-03,2.3958e-02,-1.8366e-02,2.3718e-02,-1.7923e-03,4.7414e-02,-2.5704e-02
-5.7139e-02,1.4890e-02,1.1523e-01,5.5214e-03,1.0027e-01,5.7802e-02,2.4891e-02,1.3047e-01,1.2079e-01,4.5748e-02,2.1933e-02,4.5475e-02,-1.6019e-02,3.8957e-02,1.1819e-01,8.6105e-02,5.5749e-02,6.3441e-02,1.0285e-01,-4.9570e-02,2.3857e-02,4.6980e-02,1.6449e-02,1.0012e-02,-1.8278e-02,5.8708e-02,1.6919e-02,-2.4176e-02,-6.9081e-03,-2.2381e-02,-1.3082e-02,6.0281e-02,4.3076e-02,3.5908e-02,1.8304e-02,3.7468e-02,4.3079e-03,-1.7800e-02,-3.5683e-02,-3.2488e-02,-2.5879e-02,1.2547e-01,-3.6704e-02,1.9346e-03,-9.0622e-03,-6.4977e-03,8.7278e-03,1.7275e-02,2.8640e-05,-2.2331e-02,-3.2115e-02,-1.7178e-02,6.0088e-02,1.3616e-02,4.1393e-03,4.4714e-02,9.8159e-02,6.8581e-02,4.8222e-02,-7.5410e-02,-6.0332e-03,-4.9500e-02,-4.9378e-03,6.6470e-02,6.9148e-02,4.0358e-02,1.6766e-02,8.6614e-03,6.4632e-03,-9.9839e-02,-1.7039e-02,1.5276e-01,4.0726e-02,-2.2255e-02,-8.8433e-02,-3.6579e-02,1.0874e-02,2.6643e-02,1.6173e-02,1.3794e-02,-2.9424e-02,-2.3527e-02,-1.4368e-02,1.6930e-03,2.9798e-02,-1.0931e-01,-7.7656e-04,5.4696e-02,4.3039e-02,-1.1137e-02,-4.8731e-02,-7.0361e-03,-2.0377e-03,5.0700e-02,8.4879e-03,-1.6094e-02,3.5524e-03,1.0244e-02,5.1718e-02,2.2359e-02
-5.4798e-02,1.5216e-01,-2.5250e-02,9.1283e-02,-9.4073e-03,7.5333e-02,2.4580e-02,7.3985e-02,9.1821e-02,9.6571e-02,6.6551e-02,6.5451e-02,7.4337e-02,6.2678e-03,3.8178e-02,4.2736e-02,1.2308e-01,8.1111e-02,4.7274e-02,3.4955e-02,-4.0242e-02,3.0619e-02,8.8273e-03,-1.0236e-02,-6.0523e-02,-1.3740e-03,6.9208e-02,-5.3582e-02,-2.9474e-02,-2.7656e-02,-5.3987e-02,-3.2360e-03,2.4878e-02,5.6298e-02,4.0293e-02,5.9030e-02,3.5826e-02,-1.7323e-02,-4.5780e-02,1.1457e-02,-3.5492e-02,-8.3278e-03,7.1721e-02,1.2833e-02,3.7137e-03,9.8784e-03,2.7895e-02,3.0140e-02,1.3183e-02,-2.6090e-03,2.4716e-03,8.1363e-02,5.0871e-02,-2.8390e-02,-1.1601e-02,9.4993e-03,3.5532e-02,-1.5131e-02,-4.3551e-02,4.7490e-02,-5.0899e-03,9.9828e-03,9.1490e-02,5.1968e-02,-7.2393e-03,-3.7451e-02,-4.6138e-02,-5.3140e-02,-5.8957e-02,8.7399e-03,-5.2923e-03,-9.5777e-02,4.0512e-02,-6.0683e-02,-3.4998e-02,-9.9468e-03,6.1048e-03,1.4053e-02,-1.3732e-02,-2.7867e-02,-6.2566e-02,-4.6635e-02,-3.4196e-02,3.7181e-03,-5.0724e-05,1.0944e-02,6.6149e-02,6.2886e-02,1.5572e-02,3.2537e-02,-2.6319e-02,1.5934e-03,-9.0227e-03,5.5892e-02,1.7315e-02,-5.9382e-03,4.8792e-03,2.7786e-02,-4.2661e-03,-1.3228e-02
-2.3351e-02,-3.0263e-02,9.2461e-02,-6.5258e-02,1.1362e-01,4.3734e-02,3.8652e-02,2.6349e-03,9.2734e-02,1.1889e-01,1.0989e-01,1.2497e-01,7.9593e-02,1.0169e-01,-1.3621e-02,4.2540e-04,2.5340e-02,1.2664e-01,9.1032e-02,7.5907e-02,-2.9013e-02,-4.8962e-04,-1.3312e-02,-6.1248e-02,-9.9318e-02,-7.0082e-02,-3.9572e-02,-5.1956e-02,-2.4764e-02,5.7220e-02,-2.1715e-02,-2.0729e-02,3.2467e-02,-8.7222e-02,-5.7730e-02,3.9128e-02,1.0193e-01,-4.7941e-03,-3.0841e-02,6.5337e-03,-2.9262e-02,-2.1144e-02,2.6167e-02,5.5102e-02,1.8132e-02,1.7904e-02,2.6381e-02,2.9171e-02,2.8626e-02,3.7394e-02,1.0693e-01,1.0488e-01,1.0915e-02,-7.9887e-03,3.0276e-03,-2.5826e-02,-4.3409e-02,-1.2911e-03,5.8510e-02,1.6955e-02,1.6107e-02,2.0869e-02,4.9676e-02,1.5866e-02,-3.0256e-02,-7.2647e-02,-1.7883e-01,-1.8717e-02,4.8454e-02,2.2967e-02,-9.0974e-02,-2.7594e-02,-2.4350e-02,-5.2893e-03,1.6366e-02,5.2203e-02,-2.3935e-02,-2.3988e-02,-2.5989e-02,-4.4026e-02,-6.9964e-02,-9.3102e-05,-2.9195e-02,2.2187e-02,4.2852e-02,6.3339e-02,-7.4869e-02,4.6324e-02,4.0356e-02,2.0429e-02,2.2659e-02,1.8835e-02,6.0990e-03,2.8913e-02,3.4153e-02,1.0546e-02,1.6122e-02,2.7621e-02,4.8685e-03,4.8090e-02
4.0344e-02,-5.6932e-02,-2.6541e-03,2.1868e-02,-6.0082e-02,1.6759e-01,4.2131e-02,1.4074e-02,4.6816e-02,3.2659e-02,1.2638e-01,1.3580e-01,1.3943e-01,1.6799e-01,1.2183e-01,5.5317e-02,3.4498e-02,4.6578e-03,1.3441e-02,4.8855e-03,1.0293e-02,-7.2103e-02,-1.0015e-01,-1.2412e-01,-1.0792e-01,-1.0470e-01,-5.8790e-02,-3.0833e-02,2.3122e-03,-3.8484e-02,-6.8334e-02,-9.4749e-02,-1.5729e-01,-3.7190e-02,-1.7374e-01,-8.1570e-02,-3.3255e-02,9.1518e-02,-4.5613e-03,8.4327e-03,1.5005e-02,2.8914e-03,1.3897e-02,1.0363e-02,5.6532e-02,2.2593e-02,1.5418e-02,1.6823e-02,3.4146e-02,1.1462e-01,1.0268e-01,9.4137e-02,6.1910e-03,-8.2662e-03,-9.4682e-03,4.0928e-03,1.9563e-03,1.7108e-03,-2.5405e-02,-3.6445e-02,-6.3311e-02,-1.8183e-02,-4.5237e-02,-4.9327e-02,-6.6587e-02,-1.2534e-01,-1.8010e-02,-7.9074e-03,-6.3684e-02,-3.4924e-02,-3.8705e-02,-2.1330e-02,-1.0706e-01,-3.5212e-02,3.7016e-02,8.1580e-02,1.0407e-02,-2.2479e-02,-9.7755e-03,-2.4923e-02,-1.3717e-02,3.2612e-02,-1.7184e-02,-1.8853e-02,-1.8233e-02,2.9492e-02,1.7530e-02,4.9034e-03,1.1889e-01,3.5125e-02,4.0672e-02,5.8069e-02,3.2774e-02,2.3750e-02,5.0870e-02,3.2176e-02,2.2356e-02,-6.9507e-03,-1.5703e-02,3.9139e-02
-1.2347e-03,-1.8230e-02,-4.1807e-03,5.3401e-02,1.8724e-02,1.3703e-02,2.0345e-01,4.6732e-02,-5.1063e-03,1.0634e-01,9.6575e-02,1.2986e-01,7.9370e-02,8.9465e-02,1.3704e-01,9.9688e-02,1.0882e-01,1.1310e-02,6.3531e-02,-1.5345e-02,-6.8487e-02,-7.1368e-02,5.4522e-02,5.3294e-02,5.9566e-03,-1.3980e-02,-2.8716e-02,-7.0287e-02,-1.2159e-01,-1.2286e-01,-6.2415e-02,-1.8677e-01,-6.5060e-02,8.6120e-03,-1.0483e-02,-2.2443e-01,-6.3587e-02,-4.9827e-02,4.7050e-02,-3.1609e-02,1.0898e-01,3.0100e-02,5.3504e-02,6.0036e-02,1.0845e-01,3.9057e-02,1.2379e-02,1.6564e-02,8.1157e-02,5.4948e-02,9.1540e-02,6.3879e-02,-2.1230e-02,4.7964e-02,6.3175e-02,3.8832e-02,1.3671e-02,7.7384e-03,-4.1886e-02,-7.9638e-02,8.0422e-03,-6.1581e-02,-7.4345e-02,-1.8454e-01,-6.1043e-02,4.9097e-02,-6.9910e-02,-5.6108e-02,-6.8260e-02,-1.2846e-01,-1.4852e-02,-5.1678e-02,-6.2416e-02,-5.5908e-02,-1.8373e-02,-5.7034e-02,-4.7627e-02,3.8161e-02,1.0527e-01,7.8137e-02,8.7201e-02,9.0211e-02,7.2944e-02,5.2641e-02,5.6591e-02,2.2514e-02,2.5411e-02,-6.3718e-02,4.1828e-02,1.1844e-01,5.2927e-02,1.0505e-01,4.8634e-02,3.3373e-02,6.3896e-02,4.7926e-02,-3.2934e-03,2.7294e-02,-6.4773e-03,1.2214e-02
1.0979e-02,-5.8764e-02,1.3889e-02,1.4296e-01,1.0081e-01,2.8095e-02,6.9952e-02,2.8616e-01,6.6206e-02,1.5702e-01,3.4395e-02,6.9775e-02,1.3258e-01,7.5156e-02,4.8342e-02,1.3768e-01,2.0191e-02,7.6378e-03,-1.4972e-02,-5.5758e-03,1.3575e-02,-2.2535e-02,1.8739e-02,5.8251e-03,-1.9398e-02,-7.6089e-02,-1.2323e-01,-1.0027e-01,-8.2646e-02,-1.1987e-01,-8.3718e-02,-2.3490e-02,-2.5552e-02,6.1807e-04,1.5269e-02,1.3764e-01,-3.7968e-02,-9.1861e-02,2.1457e-02,1.5923e-02,1.2900e-02,2.9245e-02,7.4384e-02,1.2023e-01,1.3641e-02,1.6219e-01,2.7393e-02,5.8771e-02,3.9201e-02,5.7619e-02,3.2006e-02,1.8421e-02,2.7992e-02,5.7682e-02,5.5860e-02,2.7460e-02,8.4874e-02,-3.5806e-02,-4.3479e-02,2.1484e-02,-6.1600e-02,-6.5158e-02,-1.2889e-01,2.9008e-02,-3.2523e-02,-9.4617e-02,-8.4162e-02,-5.9168e-02,-9.8658e-02,-7.4008e-02,-5.4813e-02,-8.4920e-02,-2.9261e-02,-5.5545e-02,-3.9311e-02,-7.8119e-02,-6.5068e-02,-1.3332e-02,-4.7849e-02,2.7345e-02,5.7332e-02,4.6815e-02,6.8754e-02,6.7770e-02,1.1999e-01,1.2945e-01,1.6493e-01,9.9969e-02,-8.8963e-02,8.9836e-02,8.7965e-02,1.0010e-01,8.2841e-02,4.4748e-02,6.1209e-02,3.3417e-02,-1.6781e-02,4.7542e-02,3.4770e-02,-1.1946e-02
3.4468e-02,-1.0971e-02,3.0343e-02,1.7253e-02,7.8545e-02,2.0301e-01,5.2938e-02,1.5480e-02,1.9861e-01,1.0821e-01,7.6640e-02,5.0066e-02,6.4913e-02,7.5417e-02,1.1247e-01,1.2907e-01,6.0172e-02,5.4603e-02,7.6320e-02,8.8174e-02,9.3104e-02,7.9218e-02,2.9174e-02,-5.2014e-02,-6.0272e-02,-1.1860e-01,-9.5289e-02,-7.7495e-02,-5.3881e-02,-5.4451e-02,-4.0582e-02,-6.8927e-02,-3.9153e-02,-5.5393e-02,1.4761e-02,1.2412e-01,2.6524e-02,7.2745e-02,-3.3986e-03,5.2981e-02,5.1495e-02,5.9674e-02,5.1557e-02,9.3629e-02,5.6765e-02,4.2475e-02,1.4406e-01,6.9563e-02,3.0705e-02,7.8437e-02,1.5199e-02,5.2023e-02,7.1142e-02,3.6920e-02,-4.0326e-03,1.6158e-03,6.6207e-03,9.9804e-03,4.3428e-02,-2.1564e-02,-8.3813e-02,2.0545e-02,-5.2150e-02,-1.0769e-02,-9.7161e-02,-1.0474e-01,-7.6406e-02,-6.7243e-02,-1.0354e-01,-6.1193e-02,-1.3891e-01,-8.8151e-02,-6.1794e-02,4.6503e-02,-5.5789e-02,-6.2559e-02,-7.8243e-02,-5.8692e-02,-1.0149e-02,2.4342e-02,-4.2108e-03,3.5364e-02,1.2131e-01,9.7425e-02,8.9525e-02,7.8312e-02,7.9672e-02,1.2558e-01,1.0247e-01,1.1219e-02,8.1253e-02,1.0509e-01,8.4447e-02,4.2746e-02,2.9007e-02,1.8891e-02,3.4206e-02,1.2164e-02,2.9523e-02,-4.4705e-02
3.2330e-02,6.2952e-02,5.0661e-02,6.7949e-02,6.5869e-02,9.5805e-02,9.4889e-02,-2.0572e-02,8.8774e-02,1.0610e-01,1.9583e-01,1.7139e-01,8.1398e-02,4.4188e-02,1.0093e-01,-1.5607e-02,1.2710e-02,1.3072e-01,5.6282e-02,2.8368e-02,1.1302e-02,-4.5232e-02,-5.3704e-02,4.1640e-02,-3.5952e-02,-9.6184e-02,-4.1394e-02,1.3113e-06,-1.3318e-01,-1.4956e-02,-6.5854e-02,-3.6953e-02,-5.7389e-02,-4.4007e-02,1.6018e-02,7.6540e-03,-1.4026e-02,2.8177e-02,4.0774e-02,2.2834e-01,7.2419e-02,7.6416e-02,3.6866e-02,5.0709e-02,1.2647e-01,-1.6298e-02,1.4944e-01,9.3850e-02,8.2194e-02,1.0562e-01,7.9313e-02,1.4076e-01,1.6499e-01,1.0909e-01,5.8045e-02,1.0445e-01,3.7410e-02,6.3516e-02,7.8737e-02,-1.1398e-02,9.0253e-03,-5.3626e-02,-4.7348e-02,-7.7022e-02,-1.0726e-01,-1.0044e-01,-6.1681e-02,-1.2007e-01,-8.0426e-02,-9.6640e-02,-1.2211e-01,-9.1856e-02,-5.6501e-02,-5.5520e-02,-2.2651e-02,-5.8956e-02,-7.9408e-03,-1.7600e-02,4.9637e-03,1.0659e-02,-6.3685e-03,1.1336e-02,5.5800e-02,6.6213e-02,8.6484e-02,1.5126e-01,9.6978e-02,1.0448e-01,1.2213e-01,6.2962e-02,4.6842e-02,3.2919e-02,9.4130e-02,1.1303e-01,8.9075e-02,1.0102e-01,7.9022e-02,2.8966e-02,-3.2184e-03,-2.0438e-02
4.1526e-02,1.2799e-01,6.3918e-02,5.8774e-02,6.2600e-02,5.8944e-02,1.5138e-02,9.2989e-02,2.7827e-02,3.7067e-02,3.6406e-02,9.1920e-02,1.1629e-01,8.6358e-02,1.5710e-02,-5.0338e-02,5.3104e-02,3.8101e-02,3.5623e-02,6.5844e-02,-1.0470e-02,-6.9051e-02,-1.9169e-02,-1.4416e-02,-6.6419e-03,4.2265e-02,-7.3667e-02,-1.7569e-01,-7.5587e-02,-1.0323e-02,-6.9859e-02,-2.6327e-02,-5.9666e-02,-5.9674e-02,-1.8756e-02,-1.9855e-02,1.3319e-02,2.2848e-02,2.1076e-02,2.1699e-02,6.6141e-02,1.7425e-01,1.3209e-01,8.2981e-02,8.9558e-02,1.5198e-01,4.0330e-02,2.1908e-01,1.6154e-01,1.1451e-01,5.0612e-02,6.6061e-02,9.1550e-02,9.0227e-02,1.2057e-01,1.1502e-01,8.6884e-02,-6.1715e-02,-4.3468e-02,-1.3121e-02,-2.9977e-02,-3.8899e-02,6.5130e-03,-9.2318e-02,-1.0295e-01,-8.9027e-02,-6.8304e-02,-9.6477e-02,-8.0393e-02,-1.5830e-01,-1.0183e-01,-7.6641e-02,-3.1686e-02,-4.1500e-02,-9.6387e-02,-3.2061e-02,1.5959e-02,9.4543e-03,8.2839e-03,1.8843e-02,-3.0825e-04,7.9550e-03,4.0443e-02,5.0891e-02,4.0248e-02,9.0320e-02,8.5938e-02,1.4147e-01,1.5969e-01,1.1667e-01,9.1108e-02,7.1514e-02,-2.6823e-02,3.8896e-02,8.7472e-02,1.3952e-01,1.3653e-01,9.2941e-02,2.7294e-02,-6.1634e-02
-6.7980e-03,2.1160e-03,3.2041e-02,3.4483e-02,3.6587e-02,2.7491e-02,1.1371e-01,1.6611e-01,1.2144e-01,3.2286e-02,1.3696e-01,3.5107e-02,9.2615e-02,8.3184e-02,-1.1863e-02,9.7111e-02,3.3068e-02,-9.3662e-03,-3.0462e-02,-5.0151e-02,-9.1235e-02,-8.5441e-03,7.6646e-02,-8.7102e-03,-1.1481e-02,-1.0095e-02,-7.2090e-02,-4.2115e-02,-2.4593e-02,-4.6108e-02,-7.2326e-02,-6.8609e-02,-2.4098e-02,-8.6218e-02,-8.9089e-02,-2.4854e-02,3.4701e-02,2.7814e-02,3.6839e-02,-4.3575e-02,1.4889e-02,-4.9912e-02,1.0232e-01,3.1748e-02,6.0097e-02,1.7543e-01,6.3718e-02,-1.4484e-02,1.7191e-01,1.1268e-01,8.6758e-02,6.1658e-02,1.2744e-03,-9.1625e-03,1.2029e-01,3.1610e-02,-1.0159e-01,-1.4008e-02,-3.8519e-02,-3.6608e-02,-5.1483e-02,-1.7550e-02,-4.0764e-02,-8.2826e-02,-9.1701e-02,-7.2474e-02,-9.5183e-02,-9.2872e-02,-1.2627e-01,-1.1619e-01,-7.7784e-02,2.0075e-02,-4.8011e-02,-1.1245e-01,-9.1504e-02,-3.2244e-02,-5.2048e-02,-1.4682e-02,5.4142e-02,5.2244e-02,2.1855e-03,6.4197e-04,2.4041e-02,4.1885e-02,2.9978e-02,6.6004e-02,6.4761e-02,7.0903e-02,1.2178e-01,1.8552e-01,1.1105e-01,1.4130e-01,1.2066e-01,2.1645e-02,-4.7321e-02,-1.6028e-02,-5.3881e-02,1.4298e-02,-3.5181e-02,-4.8717e-03
-3.4931e-02,-2.9093e-02,1.7052e-02,1.0714e-02,-3.6098e-02,2.9213e-02,1.3468e-01,9.6316e-02,1.1161e-01,6.1909e-02,4.9711e-02,8.1295e-02,6.5330e-02,1.1486e-01,1.2798e-01,8.7383e-02,7.5388e-02,7.1001e-02,3.2160e-02,1.5641e-02,1.2323e-02,-2.0486e-02,-8.3704e-02,-1.2011e-01,-7.6434e-02,-2.2623e-02,-1.1510e-01,-1.1456e-01,-1.2229e-01,-1.4247e-01,-1.4232e-01,-1.3591e-01,-9.6319e-02,-1.1850e-01,-1.1113e-01,-1.0507e-01,-3.9299e-02,1.3373e-02,1.8588e-02,-3.2646e-02,-4.1318e-04,1.3482e-02,5.1493e-02,4.8483e-02,1.1782e-01,1.0435e-01,1.0232e-01,6.3977e-02,8.9344e-04,1.4267e-01,2.4565e-01,1.0113e-01,3.7674e-02,1.3909e-02,-7.7895e-02,-4.8216e-02,-3.6370e-02,-6.7514e-04,-1.5234e-02,-5.7011e-02,-3.1033e-02,-3.2636e-02,-4.8342e-02,-6.3365e-02,-7.1268e-02,-1.0909e-01,-9.6200e-02,-1.0981e-01,-1.4584e-01,-7.3701e-02,1.2510e-02,-8.6106e-02,-1.3091e-01,-1.2136e-01,-8.7371e-02,-5.1675e-02,-4.2579e-02,-1.4052e-02,1.8632e-02,2.9939e-02,2.6026e-02,5.6185e-03,1.6239e-02,3.7220e-02,2.9247e-02,4.8418e-02,6.7251e-02,5.0086e-02,7.2350e-02,1.0465e-01,1.3258e-01,1.4989e-01,1.1169e-01,8.9615e-02,8.7046e-02,3.1191e-02,-3.7451e-02,1.4316e-02,2.4417e-02,9.3025e-02
-7.5393e-03,-2.9387e-02,6.0944e-03,-1.3433e-02,1.3593e-03,9.3168e-02,8.1613e-02,5.3433e-02,2.8673e-02,1.9244e-01,8.9169e-02,1.3016e-01,4.8458e-02,1.4943e-04,1.0142e-01,8.0936e-02,6.1776e-02,5.8190e-02,8.7194e-02,5.9127e-02,1.8233e-02,-6.4783e-02,-9.1992e-02,-1.3312e-02,-3.1042e-02,-2.6288e-02,-2.5495e-02,-5.0619e-02,-1.2929e-01,-1.6026e-01,-1.6371e-01,-1.4345e-01,-7.2924e-02,-1.8528e-02,-4.3414e-02,-7.9711e-02,-9.2032e-02,-1.4419e-02,-5.0056e-02,-1.5262e-02,-2.1785e-02,2.5415e-02,7.8970e-03,1.3917e-01,-3.2067e-04,-5.9919e-03,8.3297e-02,7.2266e-02,7.6798e-02,1.3654e-02,9.5792e-02,7.1323e-02,1.4632e-01,9.2096e-02,-1.9078e-02,-7.9340e-02,-9.0602e-04,3.0864e-02,-2.5256e-02,-2.0645e-02,-7.1284e-02,-2.7957e-02,-5.5122e-02,-4.0168e-02,-8.0364e-02,-1.1685e-01,-1.1370e-01,-1.4933e-01,-8.9802e-02,-5.4148e-02,-1.1355e-01,-1.3726e-01,-1.3199e-01,-1.0833e-01,-1.8011e-02,-4.0365e-02,-1.8945e-02,1.2974e-02,3.4039e-02,2.5820e-02,3.5906e-02,1.0626e-01,7.7486e-02,6.6357e-02,4.5414e-02,4.4822e-02,7.7993e-02,5.0733e-02,5.8204e-02,6.8460e-02,7.4403e-02,1.1421e-01,1.0823e-01,7.1040e-02,8.5821e-02,5.6704e-02,6.9534e-02,3.6532e-02,2.6075e-02,5.5509e-02
4.8853e-02,2.8665e-02,4.9489e-02,6.7478e-02,1.2356e-01,2.7076e-02,1.6192e-02,2.4376e-02,-5.2258e-03,-4.4381e-02,7.1380e-03,3.4722e-02,1.4074e-01,1.5059e-01,7.5613e-02,7.7397e-02,3.0763e-02,2.5733e-03,-3.5605e-02,2.5219e-02,1.4279e-02,1.2926e-01,8.9294e-02,-1.5039e-02,-5.7612e-02,-6.4385e-02,-3.2647e-02,-5.1087e-03,-2.3111e-02,-4.0507e-02,-4.8938e-02,2.1087e-02,3.8282e-03,-5.3065e-02,-2.7653e-02,3.7814e-02,-4.6737e-02,1.0587e-02,9.9895e-02,1.1482e-01,1.2123e-01,1.7834e-01,5.7908e-02,1.6361e-01,2.0418e-01,8.7282e-02,3.8534e-02,1.2955e-01,7.7720e-02,6.0515e-02,-3.2806e-03,4.5747e-02,5.6483e-02,7.7278e-02,1.2194e-01,-3.7622e-02,7.2006e-02,3.1540e-02,1.3164e-02,-4.6105e-02,-6.0252e-02,-6.1789e-02,-5.8106e-02,-4.4997e-02,-1.1022e-01,-5.8635e-02,-9.3003e-02,-7.5480e-02,-7.5721e-02,-1.1184e-01,-1.5577e-01,-1.3811e-01,-1.0816e-01,-3.5858e-02,-1.6710e-02,1.7931e-02,-1.3234e-02,-3.1447e-02,-2.4747e-02,-1.8757e-02,-1.2330e-02,3.4768e-02,7.4466e-02,6.4828e-02,7.3751e-02,9.4616e-02,1.1147e-01,7.2204e-02,6.5753e-02,6.9431e-02,5.7392e-02,5.0195e-02,1.3487e-01,5.2447e-02,6.1480e-02,7.2759e-02,9.0303e-02,2.9563e-02,1.9313e-02,2.6881e-02
9.2611e-03,-1.3234e-02,3.7735e-02,1.3103e-02,-7.5210e-02,-5.2079e-02,-2.6755e-02,6.2412e-03,3.8452e-02,7.2755e-02,4.0287e-02,1.3602e-03,-3.9476e-03,5.5263e-02,5.8348e-02,6.3938e-02,5.3092e-03,-6.2782e-02,-1.3587e-02,6.0946e-02,-1.8468e-02,-4.9070e-02,-3.2003e-02,-6.7484e-03,-5.8871e-02,-4.8576e-02,1.8175e-02,4.9189e-02,-2.6166e-05,6.6533e-03,3.2165e-02,3.2367e-02,-5.9326e-02,-8.1101e-02,-4.1818e-02,1.2137e-02,-1.3899e-02,1.7603e-02,1.3705e-02,6.6210e-02,1.0540e-01,9.1303e-02,8.7494e-02,6.6159e-02,3.4919e-02,8.7292e-02,1.0668e-01,8.1740e-02,1.2395e-01,3.6540e-02,1.2426e-01,7.9158e-02,2.9869e-02,7.8980e-02,2.0179e-02,1.6211e-01,5.1453e-02,4.5167e-02,5.9827e-03,-2.6775e-02,-7.3431e-03,-5.3735e-02,-7.5480e-02,-1.1275e-01,-6.7615e-02,-2.3021e-02,-8.7072e-02,-1.0216e-01,-5.7977e-02,-1.1371e-01,-1.2714e-01,-1.2469e-01,-5.9363e-02,4.0355e-02,-2.8590e-02,-7.4423e-02,-5.5233e-02,-1.8082e-02,-2.5399e-02,-4.1455e-03,6.6536e-03,4.4109e-02,4.5456e-02,8.3836e-02,5.0409e-02,4.1008e-02,9.1705e-02,1.1781e-01,1.1870e-01,1.0101e-01,7.0487e-02,4.7190e-02,8.5370e-02,4.6867e-02,8.1154e-02,8.3399e-02,8.1819e-02,2.6769e-02,1.4628e-02,9.3116e-03
-1.1314e-02,5.9233e-02,-6.1903e-03,-6.1948e-02,-5.3699e-02,-4.2315e-02,-2.6809e-02,-5.3511e-03,2.0693e-02,4.7028e-02,5.5797e-02,7.8583e-02,2.5937e-02,-8.1336e-04,1.5431e-03,-7.1246e-03,-1.8745e-02,1.2131e-01,8.5292e-02,4.4825e-02,3.1303e-02,7.7361e-03,-1.2055e-02,-4.2551e-02,2.0617e-03,-4.5618e-02,-2.4516e-02,-4.8827e-02,-2.2619e-02,-8.0419e-02,2.5103e-02,1.4018e-02,-4.0510e-02,-4.4815e-02,-2.2923e-02,-3.1046e-02,-1.4146e-02,-6.8058e-03,3.9835e-02,-1.6081e-04,6.5577e-04,2.3914e-03,-1.9371e-02,-1.5886e-02,2.4225e-02,1.0043e-01,9.1156e-02,1.8517e-01,1.7028e-01,1.7272e-01,6.1781e-02,4.4946e-02,2.2288e-02,8.4908e-02,4.7785e-02,4.4745e-02,1.1772e-01,2.3985e-02,1.1842e-02,2.4089e-03,7.8079e-03,-1.4327e-01,-1.1529e-01,-1.0698e-01,-8.1986e-02,-4.2725e-02,-1.3604e-01,-3.8725e-02,-1.0313e-01,-1.0726e-01,-8.9275e-02,-4.1943e-02,9.9859e-04,-7.5303e-02,-1.1031e-01,-6.0180e-02,-1.4266e-02,-2.5541e-02,-9.0934e-03,3.0973e-02,3.3138e-02,5.9110e-02,3.7369e-02,7.5797e-02,6.9646e-02,3.7451e-02,6.6411e-02,8.0322e-02,7.8849e-02,1.1324e-01,1.2302e-01,1.1093e-01,7.4667e-02,1.2339e-01,8.1117e-02,5.9442e-02,7.0021e-02,2.8717e-02,1.3590e-02,-1.4288e-03
-1.3082e-01,7.9608e-02,-1.4000e-02,-1.8852e-02,1.8124e-02,5.0305e-02,4.7334e-02,5.0711e-02,6.0085e-02,5.4172e-02,-4.7772e-02,-1.5051e-02,-2.1097e-02,9.8738e-03,1.3220e-01,2.3257e-02,2.5271e-02,9.0216e-03,-8.5475e-03,-2.5407e-02,-4.9762e-02,-8.2226e-02,-1.2084e-02,3.5788e-02,-1.2751e-02,2.0333e-03,-2.6075e-02,-9.1731e-02,-7.9211e-02,-1.0027e-02,-2.3040e-02,-2.2940e-02,2.4301e-03,6.4149e-02,1.7723e-02,-6.7278e-02,-2.4066e-02,-4.6524e-04,-5.1311e-03,2.9599e-02,-1.0569e-02,-6.5618e-03,2.9798e-02,-1.0954e-02,3.0757e-02,5.9739e-02,1.4245e-01,7.2616e-02,7.0773e-02,6.9436e-02,6.1142e-02,3.3322e-02,4.4258e-02,8.0476e-02,2.2731e-02,6.5017e-02,-1.8408e-02,7.4494e-02,-7.7261e-03,-5.0502e-02,-1.4587e-02,-2.4108e-02,-5.4918e-02,-1.8115e-02,-2.9322e-02,-1.2904e-01,-5.3964e-02,-1.0163e-01,-1.0387e-01,-7.8148e-02,-1.9310e-02,-2.3412e-02,-7.8629e-02,-1.5230e-01,-7.1759e-02,-1.5356e-02,-2.6551e-02,-3.9191e-03,2.4162e-02,4.4526e-02,2.8882e-02,5.1358e-02,2.8130e-02,5.2817e-02,8.9942e-02,4.4580e-02,5.9236e-02,7.9031e-02,6.4734e-02,8.0585e-02,7.4669e-02,8.6813e-02,3.3954e-02,1.1315e-01,2.1523e-02,5.1834e-02,5.1149e-02,3.0633e-02,1.6553e-02,-6.3910e-03
3.2987e-02,-4.8321e-02,9.1046e-02,5.3445e-02,4.0471e-02,5.5449e-02,7.0885e-02,6.9918e-02,5.6673e-02,4.0415e-02,2.3482e-02,1.5688e-02,1.4385e-01,-2.1066e-02,-2.5775e-02,8.3728e-02,6.7183e-02,2.5001e-02,-2.2216e-02,-1.2208e-02,1.8557e-02,-5.6027e-02,1.9282e-03,4.1330e-02,9.6143e-03,7.3593e-02,-2.8521e-02,-3.3710e-02,-2.9645e-02,3.2519e-02,-4.1607e-02,-3.5370e-02,9.2793e-03,1.1515e-02,2.4253e-02,-4.3915e-02,-1.7493e-02,-1.1301e-02,-1.7352e-02,1.7505e-02,3.6656e-02,2.3728e-02,4.1051e-02,1.0469e-01,1.2307e-01,-2.2448e-02,2.8875e-02,7.7701e-02,5.9922e-02,1.2093e-01,6.4470e-02,7.3991e-02,1.4330e-01,-6.7156e-02,8.7126e-02,3.7239e-02,-7.6489e-02,-4.3572e-02,2.9462e-02,3.8992e-03,-3.6701e-02,-2.7328e-02,-1.8237e-02,-3.3947e-02,-5.5956e-02,-6.3522e-02,-9.6124e-02,-8.5831e-02,-4.9761e-02,-3.7704e-02,-4.7698e-02,-6.5911e-02,-1.2727e-01,-6.0634e-02,-4.2001e-02,-3.2706e-02,1.9810e-03,1.5479e-02,1.0231e-02,3.0806e-02,1.3907e-02,3.5610e-02,1.8584e-02,3.9730e-02,8.4120e-02,5.4304e-02,5.5907e-02,7.8891e-02,6.1076e-02,6.9996e-02,6.1338e-02,6.2514e-02,5.5766e-02,6.2315e-02,2.2971e-02,3.3924e-02,2.1752e-02,2.6889e-02,2.2333e-02,-5.6365e-03
2.1238e-02,-1.8968e-02,-5.0478e-02,7.1119e-02,7.0613e-02,6.4557e-03,-1.2141e-02,-4.9964e-03,8.2731e-05,-7.4503e-02,4.7962e-02,6.8440e-03,-3.9825e-02,-2.8772e-02,-6.8857e-02,-4.3425e-02,-1.1341e-03,-4.6567e-02,7.1103e-03,4.3383e-02,5.2643e-03,-1.5979e-02,-9.1062e-02,2.1353e-02,6.0047e-02,-1.0454e-02,6.1114e-02,1.5202e-02,3.2133e-02,2.2309e-02,-3.2120e-02,-3.4442e-02,8.8981e-03,1.2915e-02,2.3526e-03,5.1350e-02,2.6851e-03,-1.5858e-02,-6.9993e-03,2.5523e-02,8.5656e-02,5.3705e-02,4.2099e-02,1.1375e-01,8.7677e-02,8.3169e-02,2.5396e-02,1.1147e-02,5.4098e-02,4.4416e-02,4.7381e-02,1.2495e-01,1.3964e-01,8.6462e-02,3.7277e-02,-8.7317e-02,-8.6043e-02,-4.4841e-02,1.0330e-02,-5.3941e-02,-5.8951e-02,-9.0906e-03,-1.8539e-02,-7.9747e-02,-4.5216e-02,-4.7915e-02,-7.8983e-02,-3.4875e-03,-3.9687e-02,-5.1064e-02,-4.7411e-02,-1.1801e-01,-4.0475e-02,-1.0711e-02,-3.2436e-02,-1.1305e-02,-2.7430e-03,-8.5306e-03,-3.9691e-03,2.2456e-02,4.5298e-03,2.2046e-02,1.5055e-02,3.2519e-02,6.7440e-02,6.1869e-02,5.3064e-02,7.5551e-02,5.8943e-02,6.1090e-02,5.0511e-02,3.6244e-02,6.7323e-02,4.7409e-02,6.6054e-02,5.7348e-03,-1.2525e-02,1.5276e-02,2.5034e-02,1.1795e-03
2.9568e-02,-4.2805e-02,-3.9470e-02,-4.0639e-02,3.8724e-02,-8.9449e-04,-5.4982e-02,-5.3694e-02,-1.2299e-02,-2.2432e-02,-3.8351e-02,-9.7791e-02,-2.6169e-02,4.1901e-02,-7.1310e-02,-6.8493e-02,-2.4228e-02,1.6362e-02,-5.7306e-02,-4.7702e-02,-8.5770e-03,5.5794e-02,5.3508e-02,-2.2358e-02,-2.4763e-02,1.7674e-02,5.7766e-02,7.4419e-02,1.0895e-01,6.9348e-02,9.4975e-03,-1.1526e-02,1.6299e-02,1.7060e-02,1.9231e-02,2.7541e-02,5.9196e-02,-5.5540e-03,1.2949e-02,3.4450e-02,4.0525e-02,6.6807e-02,8.6571e-02,1.9468e-02,6.4653e-04,1.1073e-01,5.4520e-02,1.5196e-02,2.0179e-02,3.1904e-02,1.7659e-02,2.2439e-02,3.8406e-02,-3.0983e-02,1.7803e-02,3.3506e-02,2.7534e-02,2.7252e-02,-5.0988e-02,9.4773e-02,1.1932e-02,-2.9855e-02,-8.5021e-02,-4.4805e-02,-3.6058e-02,-1.2741e-02,-1.9891e-02,-2.1544e-02,-3.9069e-02,-2.1465e-02,-1.0057e-01,-2.1973e-02,-1.0674e-02,-1.0790e-02,1.8426e-02,-3.8314e-02,-2.9175e-02,-1.5818e-02,-7.2288e-03,1.7288e-02,-6.3896e-05,1.2363e-02,2.0710e-02,2.6616e-02,5.3200e-02,6.3276e-02,4.7967e-02,6.7280e-02,5.4880e-02,5.0438e-02,2.9360e-02,4.4710e-02,6.9008e-02,4.0654e-02,4.4240e-02,1.0246e-02,-2.5061e-02,-1.5292e-03,1.3568e-02,1.3177e-02
5.1808e-02,1.8644e-02,-5.4020e-02,-1.2946e-01,-1.2432e-01,-4.6994e-02,-9.2967e-02,-1.0056e-01,-1.6702e-01,-6.7163e-02,-6.5362e-02,-1.0492e-01,-6.9231e-02,-3.8595e-02,-5.0411e-02,-7.3317e-02,-1.4451e-02,1.0530e-02,-3.9812e-02,-3.7212e-02,-2.3966e-02,3.2013e-02,1.0656e-01,-2.9024e-02,3.5674e-02,-1.2915e-02,7.2621e-03,8.7117e-02,1.1084e-01,9.4406e-02,6.8722e-02,5.0488e-02,5.3911e-02,3.8749e-02,4.5008e-02,3.8097e-02,6.8481e-02,1.7702e-02,2.4513e-02,2.1781e-02,1.8311e-02,6.4848e-02,5.3375e-02,1.1437e-02,2.5291e-02,6.0551e-02,4.7432e-02,5.1069e-03,5.0136e-03,5.7340e-02,7.8918e-03,-2.6181e-02,-4.0442e-02,3.8378e-02,1.5041e-04,1.0028e-01,5.6096e-02,5.5964e-02,-3.0665e-02,3.6992e-02,7.9782e-02,-7.3891e-02,-4.0145e-02,-2.7225e-03,-6.9934e-03,3.8677e-02,-7.0935e-02,-1.8353e-02,8.4201e-04,-6.7151e-02,-2.4494e-03,-1.4514e-02,2.1817e-03,2.8989e-02,-1.5037e-02,-3.6456e-02,-4.2326e-02,-1.4619e-02,-6.1479e-03,1.3211e-02,-1.4819e-03,7.2339e-03,3.7718e-02,1.6687e-02,4.1537e-02,5.5470e-02,3.5642e-02,4.9659e-02,4.2692e-02,3.2240e-02,1.0491e-02,3.1935e-02,5.7879e-02,2.5053e-02,9.9369e-03,4.6355e-02,-7.5644e-03,-1.5441e-02,-1.1265e-02,2.1277e-02
-3.5032e-02,-1.5062e-02,8.0199e-03,-2.9911e-02,-1.1394e-02,-7.3778e-02,-2.0730e-03,2.0239e-02,-1.2129e-01,-1.3021e-01,-1.0728e-01,-8.6747e-02,-1.1164e-01,-3.0299e-02,-2.7568e-02,-3.1275e-02,-6.2645e-02,-2.2128e-02,3.7272e-02,1.7308e-01,1.0551e-01,2.2089e-02,-3.9069e-02,2.0679e-03,2.9829e-02,5.3339e-02,-3.3650e-02,-7.9471e-02,6.1083e-02,4.6722e-02,1.1955e-02,3.6799e-02,7.3084e-02,7.9307e-02,2.7066e-02,9.6001e-02,9.2725e-02,1.1042e-01,4.4089e-02,3.6190e-02,7.7384e-02,1.2053e-02,7.2844e-03,-7.8851e-04,1.7705e-02,2.9372e-02,4.1927e-02,3.9940e-02,8.0938e-02,-6.9429e-02,1.2931e-02,6.9538e-02,-5.3462e-02,-2.3387e-02,6.7248e-02,-3.4999e-02,1.0257e-01,3.6665e-02,-1.2969e-02,-7.2682e-03,-5.2640e-02,7.3787e-02,2.4167e-02,3.7112e-02,1.5205e-02,2.6277e-03,-5.2676e-02,-6.6574e-03,-7.5729e-03,5.1934e-03,-1.2297e-02,2.0388e-02,2.9048e-02,-9.5170e-03,-2.3779e-02,-2.5712e-02,-4.4753e-02,-1.2030e-02,-3.2631e-03,1.1149e-02,-1.0288e-04,7.3126e-03,6.0571e-02,-1.5687e-03,2.4112e-02,2.6613e-02,-5.3409e-04,7.2090e-03,8.5970e-03,-1.1645e-02,7.7340e-03,1.0161e-02,2.4816e-02,-1.4491e-03,-9.9847e-03,4.8364e-02,7.8749e-03,-1.8817e-02,-2.5850e-02,1.1637e-02
-1.9669e-02,6.4692e-02,-1.1231e-01,3.0883e-02,-3.5004e-02,-1.2191e-02,-9.8908e-04,-1.0976e-01,-7.8663e-02,-1.2605e-01,-3.5932e-02,-1.1414e-01,-4.1764e-02,-5.4857e-02,2.4938e-02,5.9259e-02,-5.0800e-02,-2.3401e-02,-6.9797e-02,-3.5347e-02,-6.9890e-02,-4.0545e-02,-8.2698e-03,1.4594e-01,1.0531e-01,1.8983e-01,1.0964e-01,7.8155e-03,-6.5405e-02,1.6137e-01,6.9631e-02,4.7210e-02,5.1070e-02,3.9435e-02,5.7181e-02,7.1085e-02,6.6892e-02,4.2706e-02,4.9028e-02,3.8005e-02,2.0975e-02,6.6495e-03,-1.1927e-01,3.7916e-03,-4.7042e-03,-3.1678e-02,-5.6900e-02,-7.1906e-02,-5.7764e-02,-9.4256e-03,3.0424e-02,7.5084e-02,1.4240e-02,-4.0287e-04,3.3111e-02,3.9661e-02,-3.0467e-02,3.8355e-03,4.6422e-03,-6.7229e-02,-2.9598e-02,5.2075e-02,1.2443e-01,3.4042e-02,-1.4915e-02,-1.4544e-02,-2.6835e-02,1.5824e-02,1.2517e-02,4.3347e-03,5.0990e-02,2.6295e-02,-2.0084e-04,-1.4367e-02,-1.7125e-02,-1.1601e-02,-1.9469e-02,-1.2036e-02,1.1578e-03,1.2149e-02,3.7650e-03,9.7937e-03,5.1296e-02,-4.8161e-02,-3.0777e-02,-3.7017e-02,-5.0072e-02,-3.3376e-02,-2.0595e-02,-3.7163e-02,-1.2832e-02,-2.3315e-02,-1.9169e-02,-2.0522e-02,-1.9754e-02,1.3131e-02,2.0930e-02,-1.7168e-02,-1.5995e-02,9.2507e-03
-7.8970e-03,-5.1879e-03,-3.8173e-02,-8.5731e-02,-3.2592e-02,-1.0364e-01,7.0765e-03,-1.2762e-02,-1.3172e-01,-7.1991e-02,-8.9210e-02,-2.2775e-02,-4.6313e-02,-1.8982e-02,-1.2335e-02,-3.5813e-02,4.1386e-02,-1.2236e-01,-6.3827e-02,-9.5935e-02,-6.2876e-02,-8.1429e-03,-3.8789e-02,-2.4559e-02,-7.4109e-04,2.7560e-02,1.8037e-01,1.7668e-01,4.6681e-02,-3.7765e-02,8.7244e-02,6.8232e-02,7.9043e-02,9.0146e-02,4.5739e-02,2.8639e-02,7.5126e-02,4.6049e-02,1.3422e-02,-3.5769e-02,-2.3388e-02,-6.1841e-02,7.3637e-02,-1.5840e-02,-2.5494e-02,-2.0246e-02,-8.9173e-02,1.0977e-02,-3.3717e-02,-4.7339e-02,5.6158e-03,2.4902e-02,6.5087e-02,8.6654e-02,1.5418e-03,3.4530e-02,9.7346e-03,3.6041e-02,-5.7255e-03,1.2257e-03,-3.7343e-02,-1.6939e-03,-3.8174e-02,4.4968e-02,-5.1545e-02,2.4701e-02,7.5051e-02,-6.1139e-02,2.9910e-02,7.7627e-02,3.1737e-02,1.4758e-02,7.2187e-04,-6.2279e-03,-1.7601e-03,4.5493e-03,1.3923e-03,-1.7576e-02,7.2460e-03,1.4245e-02,-1.0909e-03,-2.1144e-02,-2.6093e-02,-5.8814e-02,-1.6469e-03,-7.4356e-03,-1.9329e-02,-1.1273e-02,-1.8146e-02,-1.4233e-02,-2.1805e-02,-4.3283e-02,-4.4486e-02,-2.7942e-02,-2.4296e-02,-7.0727e-03,2.7460e-02,-1.1084e-02,-5.7334e-03,1.8274e-02
1.5721e-03,-1.3048e-02,6.1559e-03,-5.8567e-02,-3.5264e-02,-5.6423e-02,-8.6211e-02,-1.1128e-01,-3.4751e-02,-3.4845e-02,-8.0637e-02,-9.2833e-02,-1.6110e-01,-1.7427e-01,-1.4666e-01,-5.8562e-02,-6.2688e-02,1.0671e-01,-9.2055e-02,-9.4624e-02,-4.4576e-02,-1.7871e-02,-2.3277e-02,-1.9520e-02,-1.3960e-02,-1.6981e-02,1.1500e-02,1.5696e-01,8.1680e-02,5.5273e-02,-1.5934e-02,2.2089e-01,1.5791e-01,1.4848e-01,4.7559e-02,-3.8409e-03,-1.6637e-02,2.6743e-02,5.3708e-02,2.1175e-02,-1.2573e-01,-9.5568e-03,6.6871e-02,1.7103e-02,-9.4866e-02,-5.6340e-02,-2.4433e-02,5.2318e-02,-8.4312e-03,-4.0145e-02,-4.0763e-02,-8.6972e-02,-2.3719e-02,-1.3108e-02,1.1707e-02,-5.9301e-02,-1.1520e-01,-8.8458e-02,1.9693e-02,-4.3155e-02,1.7608e-02,-1.0068e-02,-6.5544e-02,-2.0997e-03,8.5572e-02,9.1834e-02,5.5395e-02,3.1606e-02,3.4112e-02,4.6458e-02,3.8408e-02,2.3941e-02,1.2550e-02,1.3064e-02,1.9383e-02,2.1462e-02,1.8008e-02,-1.0364e-02,4.2556e-03,-2.0587e-02,-2.6144e-02,1.7448e-02,9.7432e-03,-1.0457e-02,2.5846e-03,-2.0481e-02,-3.4369e-02,-3.7987e-02,-4.1478e-02,-2.9896e-02,-3.1798e-02,-4.5068e-02,-5.0889e-02,-2.8600e-02,-2.6744e-02,-1.8743e-02,-2.0714e-02,9.0005e-03,-1.1058e-02,-3.1106e-02
1.5100e-02,1.4291e-03,-1.9512e-02,2.4069e-02,-9.4693e-02,-1.0731e-01,-1.1553e-01,-1.0264e-01,-5.3503e-02,-7.0889e-02,-1.4314e-01,-1.0631e-01,-4.2778e-02,-8.7291e-02,-6.4794e-02,-2.1176e-01,2.6392e-02,-4.6024e-02,-5.3367e-02,3.3939e-03,-2.0813e-02,-1.0449e-02,1.4847e-02,1.8643e-02,8.9258e-03,-5.9974e-03,-5.1152e-03,4.9690e-02,1.3055e-01,1.1480e-01,1.6731e-01,-1.9201e-02,1.4131e-01,1.0628e-01,1.5256e-01,6.8242e-02,-3.7260e-02,1.4332e-02,7.1935e-02,-3.9706e-02,4.7554e-02,-6.1559e-03,2.9021e-02,-3.3585e-03,-7.2749e-02,-4.3689e-02,-3.5848e-02,-2.1164e-02,-4.5784e-02,-3.2993e-02,-8.0356e-02,-8.3196e-02,-6.0424e-02,3.4918e-02,-6.9537e-02,-2.6421e-02,-2.0900e-02,9.7926e-03,4.2672e-02,2.5522e-02,8.5864e-03,4.4778e-02,9.5420e-02,8.0911e-02,5.6713e-02,1.3332e-01,1.4033e-01,4.9473e-02,-2.2091e-02,5.3012e-02,5.2758e-02,4.1245e-02,3.7647e-02,4.1797e-02,4.2386e-02,3.7954e-02,2.6064e-02,-2.3636e-02,-3.1541e-02,3.2344e-02,4.8207e-02,2.6603e-02,-1.7617e-02,-2.5305e-02,-4.3537e-02,-4.8724e-02,-5.6641e-02,-8.5811e-02,-6.0403e-02,-5.6738e-02,-4.8354e-02,-4.4773e-02,-4.9772e-02,-2.6889e-02,-2.9212e-02,-2.7894e-02,-5.7044e-02,2.6149e-02,6.5343e-03,-1.9936e-02
1.1193e-03,1.6929e-02,-2.5375e-02,-8.5128e-02,-7.9036e-02,-5.5078e-02,-1.0958e-01,-7.6947e-02,-9.2306e-02,-8.7791e-02,-1.2990e-01,-1.2923e-01,-8.7098e-02,-9.7768e-02,-1.0533e-01,-4.0074e-02,-1.4419e-01,-7.0593e-02,-2.1201e-02,5.5992e-02,1.1605e-01,8.9990e-02,5.8142e-02,9.3858e-02,1.0757e-01,4.5754e-02,3.3483e-02,5.2569e-02,1.1728e-01,1.5781e-01,2.0364e-01,1.8276e-01,-7.6902e-04,4.1566e-02,1.9595e-01,1.6141e-01,7.4391e-02,3.9527e-02,9.8852e-02,9.6608e-02,1.0033e-01,3.6764e-02,5.1334e-03,-8.5178e-02,-3.6054e-02,-4.8987e-02,-8.4817e-03,-4.4439e-02,-9.7628e-02,-7.1060e-02,-4.9860e-02,-5.3049e-03,-7.0997e-02,-8.5107e-02,-5.2063e-02,-1.0589e-01,6.2409e-02,-9.7876e-03,1.3051e-02,6.6777e-02,9.5430e-02,4.0931e-02,3.0421e-02,3.1910e-02,3.9086e-02,-1.2395e-02,3.5636e-02,1.6199e-01,3.6781e-02,4.6665e-02,6.4478e-02,6.7055e-02,7.2055e-02,6.9393e-02,5.3867e-02,1.1057e-02,-4.7049e-03,3.2019e-02,2.4280e-02,4.9690e-02,2.5014e-02,-2.2617e-02,-6.1902e-02,-3.8464e-02,-6.3726e-02,-5.4598e-02,-6.4869e-02,-7.9040e-02,-7.0583e-02,-7.3122e-02,-6.6687e-02,-4.8975e-02,-4.8369e-02,-2.6142e-02,-3.3672e-02,-3.8343e-02,-8.3204e-02,-3.2211e-02,1.8663e-02,1.0533e-02
-1.8382e-02,2.3328e-02,-9.2783e-03,-9.9648e-02,-2.6210e-02,-1.2791e-01,-8.7630e-02,-3.2222e-02,-1.1102e-01,-1.5524e-01,-9.2393e-02,-1.5786e-01,-9.5253e-02,-1.4568e-01,-1.0017e-01,-5.0455e-02,-1.7115e-01,6.1444e-02,1.4250e-02,-4.1897e-02,-3.6379e-02,-6.2879e-03,7.3041e-02,7.3569e-02,4.2062e-02,1.0694e-01,2.1045e-02,3.1159e-02,7.2666e-02,1.5645e-01,5.1258e-02,7.7789e-02,1.7495e-01,-4.0951e-02,8.4673e-02,1.6157e-01,1.5267e-01,1.0469e-01,6.9711e-02,5.3098e-02,6.5266e-02,6.4259e-02,-4.9779e-02,-4.0133e-02,-3.9394e-02,-3.5260e-02,-2.9827e-02,-1.2384e-01,-6.5314e-02,-6.3881e-02,-6.6838e-02,-6.3411e-02,-3.3143e-02,-9.9529e-02,-9.9293e-02,-2.8574e-04,3.0833e-03,-2.6653e-02,5.9301e-03,7.1720e-02,9.6088e-02,5.1275e-02,5.7071e-02,4.9437e-02,6.5093e-02,1.7754e-02,1.3557e-02,5.9658e-03,1.3315e-01,2.1410e-02,6.8240e-02,8.1595e-02,7.1218e-02,2.7406e-02,3.5947e-02,5.9491e-02,5.8385e-02,5.0611e-02,1.8044e-02,1.8221e-02,-2.3120e-02,-6.3296e-02,-6.7450e-02,-4.8274e-02,-6.7015e-02,-5.5215e-02,-9.2478e-02,-6.9937e-02,-7.1986e-02,-7.5343e-02,-7.8448e-02,-5.7933e-02,-5.0507e-02,-2.9761e-02,-4.3022e-02,-5.4913e-02,-1.0503e-01,-1.7652e-02,1.8684e-02,2.1035e-02
-1.6809e-02,2.0953e-02,1.1205e-02,-4.0089e-02,-2.2885e-02,-8.5549e-02,-5.6167e-02,-1.1656e-01,-7.7535e-02,-1.3537e-01,-6.7068e-02,-1.2523e-01,-1.3810e-01,-1.5415e-01,-1.2603e-01,-3.0182e-02,9.8098e-02,-8.9487e-02,-5.0291e-02,-4.6881e-02,-3.4398e-02,-1.9291e-02,1.4287e-03,3.7845e-02,6.6361e-02,9.5119e-02,5.5930e-02,5.7691e-02,6.0238e-02,5.2145e-02,6.6940e-02,7.2705e-02,1.0355e-01,1.2266e-01,-4.8747e-02,6.1680e-02,1.8298e-01,8.5069e-02,4.9483e-02,8.7920e-03,4.7733e-03,3.1398e-02,-3.2761e-02,-2.0540e-02,9.4497e-03,-2.7289e-02,-1.1320e-01,-6.4516e-02,-6.2733e-02,-6.5609e-02,-7.3820e-02,-9.1587e-02,-8.6085e-02,-3.1503e-02,-2.5760e-02,4.8379e-02,3.6136e-03,3.8908e-02,8.2278e-03,6.2178e-02,3.4581e-02,6.1956e-02,1.0411e-01,7.8313e-02,8.5380e-02,4.1951e-02,7.6267e-02,3.9642e-02,2.9061e-02,7.8641e-02,4.1156e-02,7.3930e-02,9.2820e-02,8.9302e-02,7.3477e-02,5.8111e-02,4.6795e-02,3.5415e-02,7.0707e-03,-2.8709e-02,-5.6101e-02,-5.4895e-02,-6.0152e-02,-6.3399e-02,-6.8555e-02,-6.5523e-02,-6.4426e-02,-7.0105e-02,-7.3384e-02,-7.2397e-02,-7.9325e-02,-6.8787e-02,-5.8754e-02,-4.2119e-02,-6.2379e-02,-8.0188e-02,-8.3957e-02,-1.6886e-02,-2.8924e-02,4.3625e-02
-3.6620e-03,1.4670e-03,-3.3812e-02,-1.5476e-02,-4.9526e-02,-3.0725e-02,-2.1425e-02,-1.2306e-01,-3.7226e-02,-1.1032e-01,-1.1034e-01,-3.3510e-02,-1.7404e-02,8.2259e-02,8.2884e-03,-5.8852e-02,-6.0825e-02,-7.1627e-02,-4.4009e-02,-3.5371e-02,-2.1066e-02,-1.0024e-02,7.3764e-04,2.0849e-02,5.1252e-02,3.3656e-02,1.3432e-01,1.3036e-01,1.0229e-01,8.3126e-02,6.0671e-02,5.2119e-02,7.0212e-02,1.6195e-01,1.8409e-01,6.3859e-03,4.3823e-02,2.0339e-01,5.9291e-02,-4.0951e-04,-2.0123e-02,-6.0727e-02,3.4322e-02,1.8025e-02,-5.0486e-02,-7.1879e-02,-1.1458e-01,-7.5978e-02,-6.7387e-02,-6.7130e-02,-7.0438e-02,-6.9100e-02,-4.2883e-02,-2.3456e-02,-5.9491e-02,-6.2038e-02,-1.6407e-02,-3.1461e-02,-3.6592e-02,3.1742e-02,3.1787e-02,1.1628e-02,9.0772e-02,8.0323e-02,8.8621e-02,8.7150e-02,1.1430e-01,7.9044e-02,9.0374e-02,1.2948e-01,1.5249e-01,1.1628e-01,8.6357e-02,6.1519e-02,4.4163e-02,3.2645e-02,2.3944e-02,1.2216e-02,-1.4176e-02,-6.3187e-02,-3.7278e-02,-4.0980e-02,-5.7227e-02,-6.6350e-02,-7.2758e-02,-7.0757e-02,-6.0088e-02,-7.3120e-02,-7.7276e-02,-7.1997e-02,-7.4656e-02,-7.8679e-02,-7.5347e-02,-6.9371e-02,-9.6196e-02,-8.6822e-02,1.1023e-02,-4.9499e-02,-3.3631e-02,3.3618e-03
7.8726e-03,-2.8176e-02,-4.3750e-02,-3.3459e-02,-4.8347e-02,-1.2966e-02,-5.7322e-03,-1.1592e-01,-1.0700e-01,-5.9449e-02,-5.5824e-02,-1.1949e-01,-1.2761e-01,-1.0039e-01,-1.0145e-01,-9.9454e-02,-8.9001e-02,-5.1468e-02,-8.3151e-02,-5.9555e-02,-2.8283e-02,-2.0447e-02,-1.5842e-02,-2.6703e-03,3.0233e-02,-2.8918e-02,1.7534e-01,1.1608e-01,6.8060e-02,1.4279e-01,1.1230e-01,3.2455e-02,5.4760e-02,9.2203e-02,1.7007e-01,1.6319e-01,-1.7501e-02,1.3875e-02,2.8848e-02,1.5648e-02,-3.2053e-02,1.4000e-02,2.8670e-02,-1.5976e-02,-7.1044e-02,-5.7312e-02,-3.5391e-03,-1.2212e-01,-8.7416e-02,-6.8249e-02,-5.8601e-02,-1.0292e-01,-6.9571e-02,-4.7349e-02,-3.4562e-02,-8.2004e-02,-7.9702e-02,2.8395e-02,-1.5652e-03,-2.7696e-02,5.2708e-02,1.2132e-02,-6.7262e-03,3.3573e-02,5.5375e-02,5.3792e-02,1.4679e-01,1.1135e-01,1.2854e-01,1.3914e-01,1.4613e-01,9.4435e-02,6.1322e-02,3.9171e-02,2.5338e-02,1.7524e-02,1.0341e-02,-5.2502e-03,-1.4954e-02,-3.1887e-02,-1.8420e-02,-3.1424e-02,-4.9466e-02,-6.0660e-02,-1.0040e-01,-5.5952e-02,-6.1150e-02,-7.8953e-02,-8.5025e-02,-7.7993e-02,-7.4868e-02,-9.0640e-02,-1.0288e-01,-1.1434e-01,-1.2004e-01,-3.9205e-02,2.6235e-02,-5.0598e-02,-1.3430e-02,-4.1465e-02
1.8228e-02,-4.6506e-02,-3.8550e-02,-1.1238e-01,-3.4204e-02,-3.2694e-02,-2.8095e-03,-9.4967e-02,-1.5441e-01,-1.0405e-01,-8.6758e-02,-1.2383e-01,-9.7464e-02,-1.1334e-01,-1.0634e-01,-1.0225e-01,-9.3669e-02,-7.5451e-02,-2.0516e-02,-2.1747e-02,-2.6749e-02,-1.0890e-01,-1.1039e-01,-3.2372e-02,1.0852e-01,1.5117e-01,9.0037e-02,5.3852e-02,8.2359e-02,1.4115e-01,6.8931e-02,1.7075e-01,9.6175e-02,9.9689e-02,3.3894e-02,4.2618e-02,1.4354e-01,-9.3245e-02,1.0021e-01,3.0572e-02,-5.8684e-02,1.6717e-02,-1.3511e-03,-5.5594e-02,-3.6295e-02,-4.1716e-02,-4.7106e-02,-3.1450e-02,-1.0749e-01,-9.5058e-02,-1.1761e-01,-1.0298e-01,-6.4120e-02,-4.8572e-02,-4.1352e-02,-6.5860e-02,-5.7123e-02,-3.8963e-02,-8.2304e-03,-2.8078e-02,6.4735e-03,-3.6648e-03,1.1498e-01,4.7290e-02,9.3668e-02,5.7985e-02,8.2848e-02,1.3735e-01,1.4340e-01,1.3559e-01,1.1843e-01,1.4965e-01,6.9152e-02,5.1350e-02,3.4127e-02,2.0073e-02,2.5765e-03,4.5930e-03,2.0926e-02,6.2638e-03,-5.9478e-03,-1.3283e-02,-3.5078e-02,-6.8871e-02,-6.6174e-02,-6.4041e-02,-6.7033e-02,-9.0773e-02,-1.0036e-01,-9.4748e-02,-9.0990e-02,-1.1303e-01,-1.3452e-01,-1.4278e-01,-9.8538e-02,4.4705e-02,-3.9598e-04,-4.2816e-02,5.2088e-04,-4.4654e-02
3.0159e-02,-4.1068e-02,-5.8678e-02,-4.8480e-02,-4.4170e-02,-4.6423e-02,-6.5630e-02,-5.6748e-02,-9.5092e-02,-8.3483e-02,-1.0554e-01,-4.9517e-02,-1.1859e-01,-1.0138e-01,-9.7561e-02,-9.5202e-02,-8.8750e-02,-7.4531e-02,-4.9607e-02,1.4217e-02,1.7608e-02,4.1828e-02,9.3108e-02,4.1128e-02,2.7812e-02,3.7575e-02,3.3739e-02,3.3696e-02,9.0697e-02,8.0224e-02,7.2282e-02,4.8329e-02,1.4857e-01,2.2715e-02,4.1586e-02,6.6355e-04,6.0954e-02,9.5977e-03,-1.0912e-01,7.9356e-03,7.3607e-02,-8.2913e-03,-3.6549e-02,1.8341e-03,1.2231e-02,-7.9966e-04,-2.6186e-02,-4.8679e-02,-5.8486e-02,-7.8380e-02,-1.7206e-01,-1.0697e-01,-6.3151e-02,-5.5463e-02,-5.9203e-02,-2.8893e-02,1.2657e-02,-5.4598e-02,-7.6432e-03,-1.3143e-02,1.8644e-02,3.2438e-02,6.0262e-02,1.1211e-01,1.0266e-01,9.6423e-02,7.8743e-02,1.4487e-01,1.0721e-01,5.5234e-02,4.3465e-02,6.2327e-02,4.9429e-02,5.9064e-02,5.3076e-02,3.1813e-02,2.5121e-02,2.1720e-02,2.3039e-02,1.0417e-02,-1.4363e-02,-3.3538e-03,-3.2391e-02,-3.7774e-02,-5.6449e-02,-9.4229e-02,-8.4098e-02,-1.1419e-01,-1.2811e-01,-1.2487e-01,-1.2198e-01,-1.2836e-01,-1.2621e-01,-1.2629e-01,-5.8108e-02,1.1580e-02,-7.8108e-03,-3.3518e-02,-3.8211e-03,-3.3832e-02
9.7106e-02,-3.5189e-02,-1.5461e-01,1.2897e-02,-6.2764e-02,-4.8175e-02,-1.1833e-01,-5.4954e-02,-9.9159e-03,-2.8368e-02,-9.6480e-02,-2.9618e-02,-6.2691e-02,-2.2018e-02,-6.9201e-02,-7.4548e-02,-7.0522e-02,-5.2875e-02,-9.3573e-04,5.4582e-02,5.1147e-02,1.9807e-02,-1.4715e-03,-1.4046e-02,-2.4219e-03,2.2087e-02,3.2600e-02,6.5988e-02,5.7451e-02,3.4278e-02,4.9212e-02,1.2349e-01,7.4079e-02,2.1949e-02,3.7192e-02,-7.8073e-03,1.6830e-02,5.1777e-02,-6.6168e-03,1.0205e-02,1.0317e-01,-8.9910e-03,2.6762e-02,2.9075e-02,-9.7445e-03,-1.3510e-02,-6.7395e-03,-5.6872e-02,-4.4679e-02,-7.3154e-02,-9.1603e-02,-1.1106e-01,-9.1148e-02,-8.8573e-02,-2.9358e-02,-3.9078e-03,-2.0202e-02,-6.1274e-02,-9.3629e-03,1.6911e-01,2.1555e-02,6.7531e-02,5.6041e-02,5.1677e-02,1.2114e-01,1.3823e-01,5.9218e-02,1.3617e-01,7.4033e-02,6.4737e-02,1.2852e-02,1.1427e-02,1.0172e-01,9.8604e-03,7.1336e-02,7.6431e-02,3.7897e-02,1.0392e-02,3.6488e-03,-1.0082e-02,-4.4374e-02,-3.4882e-02,-3.8711e-02,-2.6358e-02,-6.4932e-02,-1.4786e-01,-1.1171e-01,-1.3878e-01,-1.5149e-01,-1.4169e-01,-1.2660e-01,-1.0180e-01,-9.3111e-02,-1.0330e-01,-1.8193e-03,-3.1993e-02,-1.7351e-02,-2.5731e-02,-1.3898e-02,-2.1159e-02
2.1376e-02,5.7133e-02,6.5709e-02,4.5035e-02,1.1300e-02,-5.1898e-03,-1.1533e-01,-3.2285e-02,-5.4136e-02,-1.0405e-01,-1.1715e-01,-4.6757e-02,-3.7056e-02,-2.2080e-02,5.4941e-04,8.7937e-02,5.6133e-02,-2.6353e-02,-4.1756e-02,-4.3057e-02,-3.1384e-02,4.0170e-02,6.8022e-03,-1.6695e-02,-6.3222e-03,3.1292e-02,7.9890e-02,5.9549e-02,2.4443e-02,1.7144e-02,4.9788e-02,1.3006e-01,-1.5539e-02,6.7665e-02,3.5887e-02,7.2064e-03,4.7468e-02,8.8755e-02,-1.6770e-02,-7.0657e-02,1.6411e-01,-6.3978e-02,-9.8225e-03,-1.3676e-02,-2.4957e-02,-1.3117e-02,-2.5583e-03,-5.3408e-02,-3.0446e-02,2.4165e-03,-4.7314e-02,-4.5939e-02,-6.3145e-02,-1.1751e-01,-2.2733e-02,2.8133e-03,-8.4687e-02,4.0885e-02,-2.5197e-02,-8.3794e-03,6.3088e-02,8.2784e-02,4.8904e-02,6.3733e-02,1.0873e-01,1.2044e-01,1.2785e-01,8.8588e-02,1.0900e-01,6.0773e-02,8.1353e-02,1.5245e-01,1.3036e-01,1.8029e-01,-2.8813e-02,1.9579e-02,4.7668e-02,2.1714e-02,-2.4759e-03,-2.9884e-02,-7.8287e-02,-8.0140e-02,-5.5232e-02,-2.0324e-02,-6.6865e-02,-1.5564e-01,-1.0953e-01,-1.1030e-01,-1.2815e-01,-1.2455e-01,-1.0636e-01,-7.9387e-02,-8.1232e-02,-6.9400e-02,-5.3311e-02,-5.4506e-02,-3.2519e-02,-2.1782e-02,-2.2502e-02,-9.1242e-03
-4.2367e-04,4.3271e-02,4.3886e-02,-3.6749e-02,4.1519e-03,2.2245e-02,6.7915e-03,5.4196e-02,-8.6347e-03,-1.3015e-01,-1.3675e-01,-7.1759e-02,-4.0193e-02,-4.9640e-03,-5.7572e-03,-4.7463e-02,-3.4047e-02,5.7177e-02,-1.5140e-02,-3.7927e-02,-4.2512e-02,-2.1591e-02,7.3617e-02,2.1949e-03,2.3447e-02,8.0487e-02,7.7952e-02,2.7184e-02,8.7021e-03,2.4070e-02,9.9841e-02,4.7400e-02,9.3660e-04,1.3354e-01,6.7171e-02,7.1662e-02,1.0216e-01,4.8656e-02,9.2210e-02,1.7146e-02,-4.5010e-02,-1.0519e-02,-2.3475e-02,-7.2664e-02,-7.3991e-02,-3.4166e-02,-4.1789e-02,-4.1118e-02,-2.8770e-02,-1.8980e-02,2.2394e-02,-6.5697e-03,-2.4212e-02,-3.0799e-02,-4.3378e-02,-5.4186e-02,-1.4077e-02,1.4641e-02,3.1624e-02,-4.6648e-02,1.4491e-01,7.5054e-02,4.3863e-02,6.3993e-02,1.1221e-01,1.0100e-01,5.5521e-02,7.1020e-02,1.5989e-01,1.3260e-01,1.4056e-01,1.3507e-01,9.8886e-02,1.1734e-01,1.5264e-01,-2.7392e-02,-9.5668e-03,3.4638e-02,1.8725e-02,-3.9919e-02,-8.9307e-02,-5.8304e-02,-2.1472e-02,-2.5578e-02,-4.6048e-02,-8.7010e-02,-8.2632e-02,-3.9551e-02,-8.1117e-02,-1.0164e-01,-7.9653e-02,-8.3465e-02,-8.0613e-02,-1.5866e-02,-8.5209e-02,-6.8037e-02,-4.9822e-02,-2.2833e-02,-2.8512e-02,7.9809e-03
-4.3860e-03,-6.0577e-02,3.1603e-02,-4.7636e-02,-4.8138e-02,-4.2397e-02,-4.3580e-02,-2.0488e-03,-3.9380e-02,-2.9915e-02,1.5855e-02,-7.5369e-02,2.3505e-04,-7.0480e-02,-7.5805e-02,-8.0806e-02,-8.4254e-02,-8.1567e-02,-6.5819e-02,2.2038e-02,-2.9651e-02,-1.6730e-02,2.5249e-02,4.9039e-02,2.7268e-02,4.6843e-02,3.5779e-02,2.6652e-02,1.6626e-02,1.6193e-02,4.2701e-02,-1.0712e-01,3.2703e-02,5.0494e-02,1.1453e-02,2.5623e-02,5.9549e-02,-5.1328e-02,1.0775e-02,1.1472e-02,-4.9811e-02,4.7467e-02,-2.3500e-02,3.2417e-02,-1.0281e-02,-3.3364e-03,-2.8251e-02,-4.2119e-02,-8.5081e-02,-8.8686e-02,-6.1950e-03,-9.8258e-03,-2.0221e-03,5.5217e-03,3.4960e-03,-4.7414e-02,-2.5544e-02,2.9481e-03,7.9922e-02,-4.1557e-03,-6.3332e-02,1.5282e-01,5.6363e-02,3.6262e-02,9.9363e-02,9.5143e-02,8.0248e-02,6.3323e-02,8.5966e-02,1.6574e-01,2.1821e-01,9.7908e-02,5.5580e-02,4.6691e-02,9.8763e-02,7.4268e-02,-1.7021e-02,-4.9907e-02,4.7187e-03,-8.5179e-03,-3.1408e-02,-4.8984e-02,-5.4807e-02,-5.7022e-02,-4.1889e-02,-3.5686e-02,-7.6930e-02,-1.5095e-02,-3.7417e-02,-6.6447e-02,-5.2158e-02,-9.0623e-02,-7.6585e-02,-3.0478e-02,-9.0427e-02,-7.1789e-02,-6.1731e-02,-2.4228e-02,-1.9614e-02,8.4601e-02
-1.0823e-01,-5.7437e-02,1.8883e-02,-5.1952e-02,-5.5970e-02,-9.7367e-03,-1.3410e-02,-1.8717e-02,-6.1594e-02,-4.9262e-03,2.6023e-02,2.5306e-03,-3.3323e-02,-2.4181e-02,9.8101e-03,-5.3879e-02,-5.9261e-02,-5.7384e-02,-5.7727e-02,-5.9234e-02,-5.2909e-02,2.0116e-02,-2.8387e-02,-2.2336e-03,6.6171e-03,1.4698e-02,1.5682e-02,8.0260e-02,-7.4909e-03,3.4506e-02,-2.5692e-02,4.3228e-02,1.8293e-02,-2.2210e-02,8.2064e-02,1.6470e-02,-5.5183e-02,-5.3292e-02,-3.6607e-02,4.9004e-02,-5.6598e-02,5.1756e-02,-4.1797e-02,4.2965e-02,6.3450e-02,1.5856e-02,-1.1412e-02,-2.6210e-02,-3.3524e-02,-4.0155e-02,-6.3224e-02,-4.6897e-02,-3.1724e-02,-8.9366e-03,-6.6157e-02,-6.8888e-04,-4.0057e-02,-1.9182e-02,3.5355e-02,2.2201e-02,-2.2057e-02,3.0929e-02,1.3855e-01,2.2972e-02,5.4085e-02,6.4999e-02,9.6309e-02,6.3165e-02,7.2733e-02,4.5199e-02,8.2788e-02,4.5465e-02,6.8474e-02,-2.8176e-03,2.2505e-03,9.9570e-02,4.6380e-02,-1.8516e-02,-7.4382e-02,-6.9565e-02,-8.2610e-02,-1.0350e-01,-9.8382e-02,-8.5272e-02,-5.9601e-02,-3.3468e-02,-5.8296e-02,-3.2561e-02,2.2553e-02,-1.0651e-02,-6.9228e-02,-8.1917e-02,-6.6606e-02,-5.9743e-02,-8.4099e-02,-6.4019e-02,-5.5554e-02,8.7517e-03,4.4127e-02,1.8344e-02
6.2322e-02,9.8860e-04,1.3951e-02,-2.8532e-02,-5.3175e-02,-4.1339e-02,5.5357e-02,-1.5883e-02,-1.4129e-02,8.6747e-02,6.8021e-02,3.3880e-02,1.4919e-02,1.2531e-02,1.0994e-02,1.8088e-03,2.9494e-02,-2.7746e-03,-1.8643e-02,-2.2154e-02,-3.2851e-02,-4.0449e-02,-2.4279e-02,4.9295e-02,5.1834e-02,-2.7449e-02,-4.1023e-02,-3.5688e-02,5.1988e-02,1.1296e-01,-8.2663e-02,-8.1522e-03,1.2027e-02,-4.9973e-02,-2.7451e-03,-1.4613e-02,-8.9421e-02,-6.3383e-02,-4.7788e-02,2.9751e-02,2.1102e-02,4.1338e-02,1.0137e-02,-7.8681e-02,8.1399e-02,1.1679e-01,2.8982e-02,6.2868e-03,-1.0535e-02,-1.6978e-02,-2.8537e-02,-7.6884e-03,-8.6826e-02,-4.7940e-02,-2.0418e-02,-1.1052e-03,-1.7834e-04,-3.8496e-02,-1.8821e-02,1.5606e-02,4.9590e-02,-9.7575e-02,8.3246e-02,5.4597e-02,4.6082e-02,4.5366e-02,1.1412e-01,1.8041e-02,1.6117e-02,-3.5477e-02,-2.2552e-02,1.8794e-02,-1.3222e-02,-2.8202e-02,2.1134e-02,-2.2464e-03,9.6386e-02,2.1226e-02,4.0626e-02,4.3300e-02,1.4611e-02,-4.5306e-02,-1.1830e-01,-1.3461e-01,-1.0190e-01,-5.2336e-02,-1.8172e-02,-2.8311e-02,1.2455e-02,-1.3116e-02,-6.9779e-02,-5.7739e-02,-5.6192e-02,-6.7096e-02,-6.5689e-02,-2.7715e-02,2.4295e-02,1.9378e-02,-3.3206e-02,-6.7981e-03
2.5559e-03,7.4230e-02,-6.7765e-03,3.0684e-02,-4.7507e-02,-7.7620e-02,7.1280e-02,6.4184e-02,4.3814e-02,1.2084e-02,1.7379e-02,2.7339e-02,3.3442e-02,1.0223e-02,1.6061e-02,2.9626e-02,1.9460e-02,-5.2440e-04,4.6463e-02,1.2678e-02,-7.2245e-03,-2.5027e-02,-2.9205e-02,-2.2114e-02,1.6424e-02,-4.4917e-02,-7.0391e-02,-6.5830e-02,-3.3122e-02,1.0938e-02,5.1758e-02,-8.5015e-03,-1.6880e-02,-3.9094e-02,-3.2699e-02,-1.6868e-02,-8.1679e-02,-4.2282e-02,-8.5309e-03,5.7186e-02,2.7726e-02,-5.5728e-03,2.6495e-02,4.9195e-02,-3.8261e-02,-1.1287e-01,-2.1043e-04,5.9588e-02,1.5591e-01,1.0666e-01,4.7865e-02,4.9963e-02,3.8772e-02,-9.2144e-02,-7.7934e-02,-4.9804e-02,-2.8014e-02,-5.7704e-02,-7.8214e-02,2.3639e-02,1.0382e-01,3.2836e-02,-5.8536e-02,1.1142e-01,2.5515e-02,7.0173e-02,5.5472e-02,5.3560e-03,2.0416e-02,1.1603e-02,5.6313e-03,1.9451e-02,4.2865e-02,5.5270e-02,4.2623e-02,2.0540e-02,1.0903e-02,1.4503e-01,3.4146e-02,4.1782e-02,3.8470e-02,5.0701e-02,-2.1396e-03,-5.2680e-02,-7.1940e-02,-9.2388e-02,-1.0654e-01,-1.2607e-01,-7.9345e-02,-2.1311e-02,-4.9771e-02,-2.8867e-02,-4.5913e-02,-4.3796e-02,1.0746e-02,2.3439e-02,-3.2151e-02,-2.1237e-02,-3.9647e-02,-8.6271e-03
-8.7138e-02,-6.9141e-04,-5.0735e-02,8.9520e-02,2.8602e-02,5.4661e-02,1.6158e-02,3.1221e-02,2.9642e-02,3.1958e-02,6.8023e-02,3.4218e-02,1.7813e-01,6.0911e-02,2.8575e-02,3.1583e-02,4.5446e-02,1.6332e-02,2.8563e-03,1.8480e-02,5.5490e-02,-9.6838e-03,-2.5127e-02,-2.6007e-02,-4.9725e-02,2.4186e-02,-6.8211e-02,-2.6083e-02,-5.6329e-02,-1.1400e-01,-2.0944e-02,-2.8879e-02,-4.1121e-02,-1.7564e-02,-4.4125e-02,-4.9283e-02,-6.3887e-02,1.1489e-01,1.9477e-02,-7.2868e-02,6.2096e-02,-3.6377e-02,4.2552e-03,1.0922e-02,2.9395e-03,-1.0836e-02,1.0059e-02,1.1588e-02,-6.4054e-03,-2.4126e-02,-9.5487e-03,3.0551e-02,1.2266e-01,1.1968e-02,2.5302e-03,2.8514e-03,7.4674e-03,1.1700e-02,5.9045e-03,-2.7755e-04,4.4850e-02,8.4786e-03,5.9117e-03,-6.7087e-02,1.0314e-01,3.6732e-02,5.4602e-02,1.1505e-01,9.3184e-02,7.5874e-02,6.2530e-02,7.0109e-02,4.0466e-02,3.7972e-02,3.7241e-02,-1.5232e-02,-1.9555e-02,-2.6712e-02,5.7728e-02,1.6639e-02,2.9795e-02,3.7691e-02,4.3399e-02,-1.8927e-02,-4.8493e-02,-5.5001e-02,-6.1191e-02,-9.0500e-02,-1.6543e-01,-1.0581e-01,-1.8909e-02,-1.3342e-02,2.2506e-03,3.0052e-02,-2.2159e-02,-3.1274e-02,-4.3622e-02,-1.8421e-02,-3.2579e-02,-5.0338e-03
-6.0372e-02,-1.1729e-02,-7.4992e-03,1.4374e-02,9.5231e-02,3.0977e-02,-1.2100e-02,-1.5855e-02,9.9320e-02,5.9683e-02,-6.1943e-03,-3.2133e-02,-2.7130e-02,8.3269e-02,5.5443e-02,1.0999e-01,1.3201e-01,5.7843e-02,2.3607e-02,1.9016e-02,2.3234e-02,7.4067e-02,-1.3715e-02,-2.2862e-02,-5.5518e-02,-5.3374e-02,1.5411e-02,-6.9764e-02,-3.2442e-02,-7.8771e-02,-6.6022e-02,-3.6740e-02,-6.0055e-02,-4.3364e-02,-6.5856e-02,-4.3239e-02,1.6936e-01,3.9247e-02,-3.0452e-02,-1.2069e-01,-1.9711e-02,-4.0878e-02,1.0601e-03,5.9666e-03,2.1475e-02,1.6488e-02,1.7847e-02,1.8889e-02,1.6553e-02,5.4036e-02,7.3321e-02,6.6787e-02,3.4791e-02,1.4693e-01,1.1771e-01,6.9662e-02,-1.6102e-02,8.1253e-02,5.3569e-02,5.7629e-03,-2.5135e-02,2.5923e-02,6.1390e-02,5.2268e-02,-1.1412e-01,5.6763e-02,4.1374e-02,5.7957e-02,-2.6017e-03,4.5702e-02,2.8727e-02,1.5821e-02,2.7837e-03,-2.5669e-02,-1.7701e-02,3.1005e-02,4.0085e-03,-2.1220e-02,-3.3360e-02,2.3175e-02,-3.6597e-02,-3.0250e-02,4.6703e-02,9.8108e-02,1.5696e-02,-1.9103e-02,-2.9813e-02,-3.3641e-02,-7.9486e-02,-1.1387e-01,-8.8426e-02,6.0248e-02,-1.2257e-03,-5.9363e-03,-4.1182e-02,-3.3844e-02,-3.5727e-02,-8.4363e-03,-2.4046e-02,-3.9207e-03
-2.1942e-02,1.4030e-02,1.2454e-01,6.9967e-02,1.4729e-01,5.5671e-02,1.1382e-02,2.9859e-02,2.2709e-02,4.0889e-03,1.1612e-01,2.0729e-02,-5.3948e-02,1.2225e-02,3.5120e-02,4.4770e-02,7.1604e-02,8.3744e-02,1.1138e-01,4.0863e-02,6.6994e-03,2.0167e-02,8.9959e-02,-8.2331e-03,-2.1603e-02,-2.8458e-02,6.7430e-02,-5.8846e-02,-7.2928e-02,-8.4947e-02,-7.0464e-02,-4.8619e-02,-9.1516e-02,-7.3613e-02,1.4501e-02,2.4518e-02,-4.5306e-02,2.8233e-02,5.7150e-02,-8.0197e-02,-4.7775e-02,8.5502e-03,6.4302e-03,1.9976e-02,1.3394e-02,4.0920e-02,1.4162e-02,3.4472e-02,5.7145e-02,1.0565e-01,9.1090e-02,1.6395e-02,2.8296e-02,7.3481e-02,9.1787e-02,1.1815e-01,1.3675e-01,7.4768e-02,4.8691e-03,-1.6806e-03,5.3910e-02,1.4223e-02,2.9321e-02,5.8062e-02,3.0613e-04,-4.5192e-02,-1.3052e-02,7.7222e-02,5.8936e-02,2.8915e-02,1.5428e-02,4.4700e-03,-5.9434e-03,-4.3974e-02,-2.4461e-02,-1.5052e-02,6.6389e-03,2.9455e-02,-1.2161e-02,-4.8833e-02,-1.3986e-02,1.7419e-02,-7.1501e-02,-2.1211e-02,2.6933e-02,8.1795e-02,5.0307e-02,1.2329e-03,-1.3589e-02,-5.1780e-02,6.9910e-03,-5.4236e-02,-3.9016e-02,-8.6415e-04,-3.4409e-02,-2.7293e-02,-2.1188e-02,7.0187e-04,-1.5161e-02,-9.1179e-03
6.7300e-02,1.1536e-01,6.7594e-02,-1.3005e-02,1.5031e-02,1.5064e-01,7.0063e-02,4.6303e-02,1.2925e-03,5.9486e-02,1.9478e-02,1.0857e-01,5.0145e-02,4.2818e-02,2.0356e-03,4.3006e-02,4.4360e-02,4.1642e-02,9.0649e-03,5.4911e-02,-1.2539e-02,-2.5425e-02,1.9203e-03,4.9148e-02,-5.9306e-03,1.9035e-02,-1.7425e-02,-1.6989e-02,-1.5142e-02,-8.6622e-02,-7.4205e-02,-7.4251e-02,-6.3651e-02,-1.0576e-01,-2.8669e-02,-7.0318e-02,-4.3354e-02,-4.2890e-02,-2.1109e-02,5.2480e-02,-3.9438e-02,1.8802e-02,1.7403e-02,1.0911e-02,1.6138e-02,4.3111e-03,5.4747e-02,8.9620e-02,1.0287e-01,7.1118e-02,1.6065e-03,4.8161e-02,4.1000e-02,3.5473e-02,9.9469e-02,1.0557e-01,1.1276e-01,1.0899e-01,1.5281e-01,-4.6204e-02,7.2353e-02,5.3812e-02,-2.9531e-03,5.5267e-03,8.4838e-03,1.2287e-02,-3.0616e-02,-1.1174e-01,1.9116e-02,8.4868e-04,1.4219e-01,1.6615e-02,-2.0873e-02,-5.3034e-03,-2.0474e-02,-2.0477e-02,-1.8961e-02,-9.0003e-03,2.2147e-02,-2.0385e-05,-3.3778e-02,-2.9161e-02,5.2807e-02,-9.4306e-02,-3.4657e-02,-2.3453e-02,1.3516e-02,6.1153e-02,1.2173e-01,7.8679e-02,-7.0418e-03,-5.6238e-02,-4.5825e-02,-5.4179e-02,-1.0908e-02,-1.4256e-02,-1.0111e-03,2.6640e-03,6.0636e-04,-2.3911e-02
5.1001e-02,1.5048e-03,-5.0163e-03,5.4774e-02,5.8675e-03,6.7392e-02,7.7032e-02,-1.0874e-02,4.9586e-02,3.6723e-02,4.9391e-02,1.1174e-01,9.6777e-02,1.8783e-01,1.7939e-01,7.0136e-02,-4.1668e-02,-9.0330e-02,-5.9265e-02,-2.5590e-02,3.1248e-02,-1.9662e-02,-4.7702e-02,-4.2255e-02,1.9418e-02,-4.2878e-02,-7.5773e-02,-1.4168e-01,-2.9229e-02,-1.0600e-01,-5.3288e-02,-8.8710e-02,-1.1510e-01,-7.0657e-02,-1.1031e-01,-1.1046e-01,-3.2822e-02,-5.7290e-02,-9.1270e-02,1.6974e-02,-6.4263e-02,1.2699e-01,9.1513e-02,-9.2131e-03,2.1554e-02,1.7464e-02,1.0874e-01,9.4382e-02,9.0024e-02,2.1072e-02,7.8282e-02,7.3610e-02,7.8786e-02,6.9929e-02,1.3654e-01,1.1876e-01,1.0286e-01,7.6586e-02,3.8052e-02,1.8580e-01,3.2131e-02,3.3381e-02,1.6727e-03,-3.0374e-02,-2.6014e-02,-1.2389e-02,-1.7536e-02,-4.9713e-02,-2.2501e-02,-5.8716e-02,-2.8967e-02,-1.1078e-02,4.7483e-02,7.9389e-02,2.3745e-02,5.8930e-03,-1.1692e-02,-1.8189e-02,-2.2491e-02,6.9042e-03,4.0554e-02,-5.7487e-03,-3.1567e-02,2.4757e-02,-5.9234e-02,-5.7405e-02,-2.7682e-02,4.8476e-02,1.2253e-01,9.7164e-02,1.0153e-01,-1.2443e-02,-4.8440e-02,-4.3772e-02,6.8372e-02,9.9589e-03,1.7657e-02,-1.9390e-03,3.6365e-02,-3.0278e-02
-2.0775e-02,-2.4988e-02,-6.4476e-02,1.2142e-02,3.4616e-02,9.8761e-02,1.3879e-01,1.2286e-01,1.4336e-01,1.3439e-01,1.3549e-01,1.3506e-01,1.1173e-01,9.6442e-02,1.3388e-01,-1.0967e-02,3.6156e-03,-5.6012e-03,4.3864e-02,-2.0980e-02,-1.5385e-01,-2.6701e-02,-9.5664e-02,-1.0205e-01,-8.0771e-03,-8.9844e-02,-1.0509e-01,-7.0579e-02,-4.8451e-02,-7.8477e-02,-9.9118e-02,-1.1795e-01,-1.1470e-01,-9.0864e-02,-1.3153e-01,-1.2471e-01,-5.9985e-02,-6.0954e-02,-7.4291e-02,-2.1479e-02,-7.0095e-02,1.5021e-02,3.9777e-02,8.4125e-02,5.9761e-02,8.4805e-02,4.7844e-02,7.6119e-02,2.4266e-02,1.0399e-01,1.0007e-01,9.4400e-02,9.8467e-02,9.2806e-02,9.4916e-02,6.3104e-02,3.4234e-02,-6.2970e-03,2.3187e-02,5.6617e-02,1.3413e-02,-3.1920e-02,-3.0080e-02,-2.0854e-02,-3.4059e-02,-6.7865e-02,-4.2979e-02,-3.3106e-02,-2.1928e-02,-3.8454e-02,-1.6270e-01,-5.8356e-02,-1.3836e-02,1.7961e-03,-5.6683e-03,1.1127e-01,7.3892e-02,1.3789e-02,-2.9854e-02,-8.4935e-03,7.0498e-03,4.0788e-02,2.5924e-02,-1.3656e-02,1.3474e-02,5.8052e-02,2.0532e-02,7.0195e-02,3.3639e-02,5.5492e-02,9.0290e-02,6.2948e-02,3.2351e-02,-5.1523e-02,3.7930e-02,4.9275e-02,1.7684e-02,5.5567e-03,2.7942e-02,-2.0351e-02
-3.5481e-02,-2.2989e-02,9.2381e-03,2.9090e-02,8.6665e-02,4.7408e-02,7.1594e-02,1.1420e-01,9.7354e-02,1.0331e-01,8.7427e-02,8.5590e-02,9.4849e-02,5.7905e-02,-6.8871e-02,3.6630e-02,3.3739e-02,8.2175e-02,5.7646e-02,1.9859e-02,1.8511e-02,-1.7634e-02,-5.9910e-02,-5.2662e-02,-7.0169e-02,-2.9596e-02,-1.5459e-01,-8.5022e-02,-5.5280e-02,-8.3022e-03,-1.0429e-01,-7.7027e-02,-1.4617e-01,-1.1021e-01,-1.3119e-01,-1.1581e-01,-9.4084e-02,-8.5271e-02,-3.1491e-02,-6.3999e-02,1.4783e-02,-3.6036e-02,-1.0833e-02,2.3894e-02,1.3446e-01,4.8864e-02,3.0486e-02,4.6444e-03,8.7393e-02,1.0499e-01,1.0350e-01,9.5133e-02,9.6163e-02,1.0041e-01,7.6971e-02,1.7995e-02,4.5570e-03,2.4948e-02,2.4396e-02,2.7597e-03,1.5680e-02,-1.0638e-01,-3.0226e-02,-1.4538e-02,-2.8069e-02,-5.2636e-02,-5.9858e-02,-1.1884e-02,-3.4113e-02,-5.8349e-02,-7.0128e-02,-7.8981e-02,-1.4006e-01,-9.4318e-04,-3.1204e-02,-3.8623e-02,5.8492e-03,2.6531e-02,1.1966e-01,6.2168e-02,2.2240e-02,1.4386e-02,3.8413e-02,5.3242e-02,1.2188e-02,1.1266e-01,1.8039e-01,-3.4633e-03,3.1525e-03,3.2756e-02,4.6865e-02,8.6577e-02,8.4680e-02,5.1657e-02,6.1195e-02,1.2739e-01,1.7143e-02,3.8984e-02,-1.5458e-02,2.8253e-02
-2.2440e-02,7.0962e-03,-4.3339e-02,9.2700e-02,4.3251e-02,3.1854e-02,7.4890e-02,6.4529e-02,1.3594e-01,1.1429e-01,9.4875e-02,8.7363e-02,1.1055e-01,-5.5583e-02,5.9396e-02,9.6229e-02,5.6366e-02,6.6194e-02,6.2125e-02,9.1717e-02,5.1984e-02,-1.3195e-02,1.9416e-02,-5.2762e-02,-5.0018e-02,-1.5537e-01,-7.6334e-03,-4.3780e-02,-1.4408e-01,-1.3940e-01,-1.2657e-01,-1.7488e-01,-6.8947e-02,-7.9688e-02,-1.0492e-01,-6.8285e-02,-8.6237e-02,-9.2373e-02,1.3981e-02,-6.8319e-02,-1.5004e-03,6.1331e-02,-3.6499e-02,1.0535e-01,3.9822e-02,7.8837e-02,8.9930e-03,5.2396e-02,7.1984e-02,9.0356e-02,9.3063e-02,8.1983e-02,8.1968e-02,1.1851e-01,9.4795e-02,7.2521e-02,7.2654e-02,3.8549e-02,1.4812e-02,4.3930e-03,-1.0839e-03,-2.0014e-02,-1.4340e-02,1.3009e-02,-1.0361e-02,-2.4424e-02,-3.6947e-02,-6.7896e-02,-5.2658e-02,-3.5092e-02,-6.0600e-02,-1.3157e-01,-6.5898e-02,-8.3997e-02,-3.1193e-02,-5.0667e-02,-4.1704e-02,-9.6253e-03,-1.5944e-02,2.8224e-02,7.5395e-02,9.5706e-02,1.3579e-01,7.8757e-02,1.3752e-01,9.7502e-02,4.4456e-02,1.2727e-01,-3.8338e-02,1.7504e-02,1.2267e-02,6.5901e-02,1.3146e-01,1.2097e-01,1.3559e-02,8.9153e-02,7.0226e-02,2.8208e-03,-1.7036e-02,4.3573e-02
7.9355e-03,5.5471e-02,-1.6651e-02,-1.7482e-02,3.9476e-02,3.4400e-02,1.3217e-01,7.6811e-02,1.0494e-01,1.4129e-01,1.1645e-01,7.9863e-02,6.1000e-02,7.9987e-02,8.4617e-02,1.3457e-01,1.2061e-01,9.6979e-02,6.6398e-03,8.0929e-02,5.7028e-02,7.3488e-02,1.5567e-02,-5.8247e-02,-4.9280e-02,-7.9635e-02,3.8405e-03,-1.8491e-02,-1.3153e-01,-1.4688e-01,-9.4849e-02,-7.8378e-02,-5.3368e-02,-1.1506e-01,-7.6400e-02,-9.6795e-02,-1.0129e-01,-6.4109e-02,1.5169e-02,-3.3320e-02,1.5500e-02,-2.6817e-02,-2.6905e-02,7.3197e-02,3.3768e-02,1.5503e-02,8.7563e-02,4.0801e-02,5.8042e-02,7.9459e-02,8.7441e-02,7.8028e-02,7.7005e-02,1.4999e-01,1.2250e-01,1.2237e-01,8.0600e-02,5.7481e-02,5.1815e-02,4.7116e-02,3.6441e-02,1.4679e-01,-4.3590e-03,4.1825e-02,1.2212e-03,-3.9907e-02,-6.4964e-02,-8.2719e-02,-9.5677e-02,-7.8792e-02,-1.9160e-02,-2.8776e-02,-8.2093e-02,-5.2536e-02,-4.0845e-02,-1.4815e-01,-6.7591e-02,-5.0436e-02,-9.9274e-03,1.7795e-03,2.1319e-02,5.9684e-02,5.9962e-02,1.0711e-01,4.4791e-02,1.3050e-01,-8.9978e-03,-1.5941e-02,1.0310e-01,-6.3775e-02,-5.1060e-02,-2.7435e-02,1.5994e-02,6.0999e-02,5.2738e-02,1.0519e-01,1.3081e-01,-7.8544e-03,2.6799e-02,-1.5192e-02
1.5279e-01,6.8073e-02,4.4075e-03,3.4818e-02,1.3835e-01,4.3941e-02,1.0663e-01,9.3262e-02,9.6267e-02,1.9455e-01,8.7529e-02,9.1117e-02,1.2533e-01,1.2485e-01,1.1048e-01,1.0193e-01,1.0108e-01,-5.4254e-02,4.2938e-02,7.0794e-02,2.5152e-02,3.2998e-02,7.1086e-02,-6.8097e-02,-6.4817e-02,-2.0115e-02,-4.4957e-02,-5.7505e-02,-4.1808e-02,-1.4365e-01,-1.7989e-01,-8.1850e-02,-7.8723e-02,-4.1845e-02,-1.6581e-02,-3.8441e-02,-6.3473e-02,-2.9829e-02,-5.8293e-02,-1.7579e-02,3.6169e-03,-3.3644e-02,4.3997e-02,-2.3827e-02,1.1488e-02,3.2888e-02,1.1047e-01,5.1248e-02,7.0731e-02,9.2117e-02,1.0408e-01,1.0493e-01,1.1812e-01,1.2443e-01,9.0899e-02,8.2365e-02,1.0049e-01,1.0884e-01,9.0383e-02,6.0921e-02,2.9427e-02,2.7163e-02,-9.9592e-02,1.1599e-02,-2.2903e-02,-5.5016e-02,-7.3218e-02,-8.3859e-02,-9.1661e-02,-9.9132e-02,-9.3907e-02,-7.1138e-02,-2.1197e-02,9.6906e-03,-1.6297e-02,-5.9847e-03,-5.1134e-02,-1.6923e-01,-6.3800e-02,-5.8438e-03,-7.2148e-03,8.5102e-03,3.3849e-02,4.2043e-02,3.5297e-02,6.4369e-02,8.4913e-02,9.6842e-02,1.8257e-01,1.6467e-01,3.5884e-02,4.4273e-02,6.5211e-02,7.7936e-02,3.4567e-02,-3.3364e-02,4.8798e-02,2.4645e-03,5.2870e-02,-2.5646e-02
2.6607e-02,6.2228e-02,8.5771e-02,4.8479e-02,8.9057e-02,1.2095e-01,8.9102e-02,1.0654e-01,6.4514e-02,-4.7019e-03,1.2106e-01,1.0264e-01,9.5170e-02,1.3249e-01,4.7143e-02,8.9541e-02,-6.8939e-02,3.4918e-02,8.5090e-02,-6.1778e-03,1.1073e-03,4.7332e-03,2.0864e-02,-1.0192e-01,-9.2694e-02,-1.5939e-02,-6.0883e-02,-3.8067e-02,-9.8633e-02,-2.7059e-02,-8.3061e-02,-9.5258e-02,-1.4219e-01,-1.2471e-01,-8.7917e-02,-2.8845e-02,-1.2086e-03,1.2434e-02,-8.9756e-02,-4.5583e-02,-6.9631e-03,-3.1252e-02,5.6540e-03,-6.6095e-03,7.1951e-03,7.9023e-02,1.1631e-01,1.2899e-01,1.1152e-01,1.1798e-01,1.2177e-01,1.2428e-01,1.6608e-01,7.7646e-02,5.5737e-02,6.6191e-02,9.4898e-02,1.0623e-01,9.2843e-02,6.1976e-02,2.8901e-02,6.1000e-03,-7.1945e-02,-1.6037e-03,-2.3239e-02,-4.7872e-02,-6.2800e-02,-7.4035e-02,-8.1918e-02,-8.8023e-02,-9.4481e-02,-1.1622e-01,-8.0205e-02,-9.8873e-02,-2.8700e-02,2.7124e-02,9.7815e-02,4.8481e-02,1.0203e-02,4.2285e-02,4.8939e-02,2.4500e-02,3.7323e-02,5.1901e-02,6.2158e-02,6.4107e-02,6.5329e-02,9.1759e-02,7.4328e-02,1.7916e-01,1.7216e-01,1.9861e-02,5.9480e-02,1.1061e-01,9.1360e-02,3.9959e-02,-2.5965e-02,3.7180e-02,-2.3020e-02,-3.0747e-02
-2.7598e-02,3.1220e-02,6.9293e-02,6.6038e-02,3.5806e-02,1.2385e-01,8.3721e-02,7.1659e-02,-1.2846e-02,9.1969e-02,1.0835e-01,1.0217e-01,3.2407e-02,9.0652e-02,1.2649e-01,-1.0477e-03,3.9015e-02,8.2038e-02,1.9325e-02,-3.3418e-02,-9.7751e-02,-2.4155e-02,-1.4265e-01,3.1549e-02,-1.6295e-01,-7.0628e-02,-1.1277e-01,-2.3499e-01,-1.4344e-01,-1.1765e-01,1.2392e-02,-6.9113e-02,-1.5297e-01,-1.2659e-01,-1.4223e-01,-4.3325e-02,-9.2854e-02,-6.4392e-03,-7.0834e-02,-5.0949e-02,-4.4060e-02,4.3905e-02,5.3361e-02,1.3660e-01,-7.1612e-03,3.1844e-02,2.9852e-02,8.7493e-02,9.1091e-02,1.2643e-01,1.1135e-01,1.1806e-01,9.6175e-02,6.5074e-02,6.0640e-02,7.8653e-02,8.0381e-02,6.4255e-02,6.3115e-02,6.7942e-02,5.2540e-02,2.4102e-02,1.0041e-02,-9.9678e-03,-1.4947e-02,-3.6331e-02,-4.9182e-02,-5.9474e-02,-6.8462e-02,-7.4905e-02,-8.2112e-02,-9.8844e-02,-8.0777e-02,-7.4117e-02,-1.2613e-01,-4.4634e-02,-2.2621e-02,3.2486e-02,-3.0425e-02,-1.2031e-02,-1.5489e-02,6.4645e-03,1.6478e-02,3.5136e-02,6.1778e-02,8.3165e-02,6.1706e-02,1.1573e-01,1.1157e-01,9.2134e-02,1.7238e-01,2.2963e-01,6.5512e-02,2.4215e-02,6.7610e-02,4.9309e-02,2.8742e-03,1.2948e-01,-6.7935e-02,-7.4890e-02
-9.6489e-02,3.8613e-02,5.1831e-02,4.3923e-02,-9.1101e-02,1.0156e-01,-1.8979e-02,4.0740e-02,9.9648e-02,7.8301e-02,7.9040e-02,3.6090e-02,1.2015e-01,9.4547e-02,4.4408e-02,1.1107e-01,8.5368e-02,9.2802e-02,-1.5939e-03,-4.1219e-02,-6.0036e-02,-3.4252e-02,-1.0609e-01,2.7835e-04,4.9617e-02,-1.9272e-03,-1.2540e-01,-1.2688e-01,-1.1411e-02,-5.8995e-02,-5.1943e-02,1.8038e-02,-1.0247e-01,-1.2046e-01,-1.0432e-01,-6.5267e-02,-6.8925e-02,-1.0787e-01,3.1959e-02,3.9174e-03,-2.1154e-02,8.3431e-03,5.5939e-02,1.2943e-02,-3.3448e-02,-6.1949e-03,-4.2112e-03,1.1963e-01,3.6492e-02,4.8749e-02,6.7850e-02,1.2401e-01,1.1010e-01,9.9247e-02,9.5411e-02,9.5793e-02,6.4746e-02,4.0675e-02,3.6324e-02,4.6649e-02,5.8413e-02,4.5050e-02,1.2378e-01,-3.1480e-02,-7.5050e-03,-2.6609e-02,-3.8584e-02,-4.6723e-02,-5.4800e-02,-6.3854e-02,-9.7837e-02,-6.5914e-02,-6.4720e-02,-6.3900e-02,-6.2784e-02,-1.1521e-01,-3.6155e-02,-1.6681e-02,3.0946e-02,3.7643e-03,1.0585e-02,-7.1601e-03,-1.2791e-02,1.4079e-02,4.6365e-02,8.4166e-02,1.2073e-01,9.9176e-02,1.5569e-01,8.1647e-02,1.0070e-01,2.0210e-01,1.8352e-01,-2.8109e-02,5.9527e-02,-1.1067e-02,8.4314e-02,3.5776e-02,5.2301e-02,-6.0365e-02
-7.3791e-02,-4.4170e-02,5.8849e-02,5.5124e-02,6.6128e-02,-5.2872e-02,8.6556e-02,1.6822e-01,1.4329e-01,6.3181e-02,1.2338e-02,7.6556e-02,7.7944e-02,5.7321e-02,9.8630e-02,1.0030e-01,1.2181e-01,1.2475e-01,4.3423e-02,-2.7558e-02,6.5960e-02,1.2251e-02,8.8310e-02,1.9370e-02,-3.1524e-02,-1.4853e-01,-7.9851e-02,-7.4944e-02,-2.0990e-02,-4.0471e-02,-1.1371e-01,-1.1484e-01,-1.5981e-02,-8.7600e-02,-1.0069e-01,-4.2809e-02,-2.5756e-02,-8.2612e-02,5.1642e-02,-6.5723e-02,-8.7377e-02,-3.7863e-02,1.3825e-03,-1.7439e-02,6.6482e-02,-3.1874e-03,-9.7057e-03,4.6695e-02,2.6666e-02,3.1720e-02,9.6517e-02,3.9414e-02,4.7097e-02,8.6192e-02,1.5152e-01,1.3013e-01,6.5152e-02,3.2132e-02,2.0076e-02,1.9027e-02,2.4138e-02,2.6195e-02,7.6682e-02,-7.3253e-02,-8.9966e-03,-2.8215e-02,-4.2764e-02,-4.3991e-02,-5.3956e-02,-7.1603e-02,-5.2303e-02,-4.8762e-02,-4.5536e-02,-4.6005e-02,-4.7371e-02,-4.9361e-02,-1.0106e-01,-2.5486e-02,-4.2269e-03,1.9018e-02,3.7787e-02,3.8087e-02,1.9152e-02,-2.2016e-02,2.4043e-03,7.7721e-02,1.0905e-01,1.3124e-01,9.8307e-02,1.2907e-01,1.1521e-01,1.1268e-01,2.4741e-02,1.2223e-01,5.1118e-02,1.0336e-03,1.1834e-01,-4.4826e-03,7.1003e-02,7.0697e-02
3.1807e-02,-3.7896e-02,3.2966e-02,6.0479e-02,1.9328e-02,4.5537e-02,1.1906e-01,6.1861e-02,1.1922e-01,6.1812e-02,6.4817e-02,6.2075e-02,4.6725e-02,6.8969e-02,3.7490e-02,3.2765e-02,3.2441e-02,1.4364e-03,3.4475e-02,4.0793e-02,3.7057e-02,4.6745e-02,2.5694e-02,-1.1775e-01,8.4485e-02,3.4549e-02,-3.2796e-03,8.3956e-02,-4.4106e-02,-5.7066e-02,-1.2359e-01,-7.2767e-02,2.3002e-03,2.7474e-02,-5.2689e-02,-1.5044e-02,-7.8652e-02,-9.6665e-02,-4.5952e-02,-5.8333e-02,-8.1765e-02,-3.9887e-02,2.0744e-02,-2.6702e-02,1.0959e-01,5.5038e-02,-8.9950e-03,2.7420e-03,3.3693e-02,6.2130e-02,2.5379e-02,2.0365e-02,3.0948e-02,6.4973e-02,1.0397e-01,9.8677e-02,8.8013e-02,3.8558e-02,-1.4701e-03,-1.0442e-02,2.3554e-03,2.0468e-02,3.2401e-02,-6.5472e-02,6.2504e-03,2.6732e-02,-1.1694e-02,-8.3193e-02,-5.7201e-02,-4.2694e-02,-4.0095e-02,-3.7821e-02,-3.1742e-02,-2.6948e-02,-3.3809e-02,-4.0133e-02,-3.7201e-02,-7.7604e-02,-2.0043e-02,6.4255e-03,4.9028e-02,8.1321e-02,6.2866e-02,4.5142e-02,2.5540e-02,4.3337e-02,1.3759e-01,9.4316e-02,6.4310e-02,1.2329e-01,8.1126e-02,1.8714e-02,6.9869e-02,5.2743e-02,2.7055e-02,1.1486e-01,6.7955e-02,1.2174e-03,1.6708e-02,6.0172e-02
-9.1680e-03,2.0805e-02,3.7341e-03,-9.1384e-02,1.1442e-01,-5.2299e-02,1.0356e-01,6.1123e-02,2.3691e-03,7.1363e-02,1.3604e-01,8.3183e-02,7.6561e-02,5.2942e-02,5.1019e-02,7.4527e-02,9.2164e-02,1.7088e-02,5.8507e-02,-1.9585e-02,4.8244e-02,-3.6008e-02,-1.2937e-01,-1.1891e-05,-2.0782e-02,-1.9167e-02,-5.8717e-02,-9.0549e-03,-4.7592e-02,-7.5745e-02,-4.8324e-02,-7.7081e-02,-6.5921e-02,-9.1197e-03,3.1053e-02,-9.7665e-02,-8.5928e-02,-4.5225e-02,-8.1329e-02,2.3895e-02,-4.5137e-02,-1.0079e-02,4.9378e-02,-5.4759e-03,5.3129e-02,6.0505e-02,5.4294e-02,2.4541e-02,1.4160e-01,-4.0985e-03,-1.4174e-02,-6.9162e-03,1.2590e-02,4.7601e-02,4.4232e-02,2.9955e-02,3.3678e-02,4.6652e-02,5.1274e-02,2.4909e-02,1.2607e-02,1.1693e-02,3.3575e-04,-3.3557e-03,-2.5616e-02,-6.5085e-03,7.8669e-03,4.2980e-03,-3.6381e-02,-6.2297e-02,-4.1085e-02,-3.1995e-02,-2.4637e-02,-1.4829e-02,-3.6733e-02,-9.5259e-02,-1.0218e-01,-6.2904e-02,-3.4033e-02,-3.2326e-02,5.8818e-04,6.3818e-02,1.0607e-01,1.0857e-01,1.1399e-01,1.3005e-01,1.3383e-01,7.7173e-02,5.5739e-02,7.1940e-02,6.3614e-02,3.3314e-02,1.1964e-01,8.9115e-03,9.0566e-02,4.6002e-02,3.2115e-02,1.6048e-02,-1.4739e-02,5.1066e-02
1.7000e-02,7.1804e-02,-3.7190e-02,2.8774e-02,2.6089e-02,5.0025e-02,2.5454e-02,9.6712e-03,6.9059e-02,1.7409e-01,7.2165e-02,3.6764e-02,6.3482e-02,2.0013e-02,1.2577e-01,1.7251e-02,-4.9739e-02,1.7957e-02,-2.6263e-02,8.6954e-02,-5.4099e-02,-7.2129e-02,3.5501e-02,1.8777e-02,-3.4970e-02,-5.3227e-02,-4.7408e-02,5.8546e-02,-4.4941e-02,-6.0880e-02,-8.9066e-02,-7.9809e-02,-2.8752e-02,-1.8470e-02,-4.1755e-02,-4.2735e-02,-5.6184e-02,2.0842e-02,9.1280e-03,-9.5617e-03,-3.5065e-02,-5.4274e-03,3.5917e-02,3.0397e-03,-6.3784e-03,7.1025e-02,1.7846e-02,1.0141e-01,5.0858e-02,3.0319e-02,3.3808e-03,1.5028e-02,4.9271e-02,6.4678e-02,3.6056e-02,2.7813e-02,3.5528e-02,3.1794e-02,3.3021e-02,4.7843e-02,3.3791e-02,1.0690e-02,-6.4834e-02,9.2175e-02,-4.1804e-02,-9.2888e-02,-7.0775e-02,-4.4710e-02,-2.3045e-02,-5.8169e-02,-6.7303e-02,-4.4015e-02,-2.3516e-02,-9.8265e-03,-3.1847e-02,-5.1903e-03,4.7375e-02,7.8456e-02,3.0601e-02,-4.7894e-02,1.7972e-02,5.5417e-02,1.0131e-01,1.0807e-01,1.4029e-01,8.2692e-02,5.5507e-02,1.0178e-01,1.1476e-01,1.0633e-01,6.1198e-02,8.5180e-02,5.3541e-02,8.1087e-02,3.9791e-02,1.7144e-01,-5.4930e-03,1.5880e-02,-3.2100e-02,1.6734e-02
3.1784e-02,1.0868e-01,-1.8484e-02,3.8652e-02,1.2599e-03,5.3849e-02,-1.6440e-02,-2.5913e-02,-1.2195e-02,1.2202e-02,-1.2589e-01,5.4139e-02,2.0024e-02,3.4459e-02,-7.4699e-02,-1.0039e-01,-6.9031e-03,-2.4701e-03,-2.9670e-02,-7.8966e-03,1.3958e-02,6.4365e-02,-1.1480e-02,-3.4053e-02,-4.2932e-02,-2.0984e-02,1.4710e-02,-7.4314e-02,-2.9574e-02,-3.5572e-02,4.7133e-03,-5.9547e-02,-1.4718e-01,-9.7038e-02,2.0099e-02,-4.5690e-02,-2.0081e-02,3.0549e-02,8.0094e-02,2.9202e-02,1.2620e-02,-4.4911e-02,-3.5503e-02,-3.0326e-02,-4.3683e-02,4.2567e-02,5.4592e-02,-2.8515e-02,9.8190e-03,6.6831e-02,1.8525e-02,3.9244e-02,6.6042e-02,3.5623e-02,1.5064e-02,1.3393e-02,2.6046e-02,2.6755e-02,1.3760e-02,1.5576e-02,2.8940e-02,-3.6796e-03,-4.0972e-02,1.0895e-02,-4.9633e-02,-9.2169e-02,-4.8797e-02,-2.7979e-02,-1.2343e-02,2.5064e-02,-5.3488e-02,-8.5348e-02,-5.3710e-02,-1.2506e-02,-5.6747e-03,4.1320e-03,7.6163e-02,-7.0088e-03,5.4001e-02,4.5819e-02,2.8774e-02,-5.8659e-02,-8.5270e-02,-6.9045e-02,3.3750e-02,1.8748e-02,-6.6640e-03,1.2764e-01,1.1074e-01,5.6463e-02,2.3664e-02,7.8561e-02,1.2676e-01,1.8920e-01,3.7781e-02,2.8478e-02,-1.9248e-03,7.3327e-03,-2.9421e-02,6.9319e-03
1.0542e-02,4.3003e-02,7.2196e-02,3.2090e-02,-4.8586e-02,4.6549e-02,1.4276e-02,1.0321e-01,-7.3826e-02,-1.7070e-02,4.9038e-02,-5.3289e-02,-2.5603e-03,-1.1955e-02,-2.9831e-02,4.8750e-02,5.9811e-02,5.2956e-02,-5.0799e-02,6.3249e-02,2.8739e-03,2.5489e-02,3.4996e-02,2.1904e-02,1.5054e-02,6.1670e-02,-3.2334e-02,-1.5208e-01,-4.9946e-02,3.3905e-02,2.4857e-02,-5.9951e-02,-4.0697e-02,-1.0302e-01,-8.9701e-02,-8.3557e-02,2.3634e-02,-3.2541e-02,-3.2390e-02,-1.5845e-02,9.9250e-02,6.9868e-03,3.5887e-02,5.0996e-02,-3.5969e-02,-8.6139e-02,-5.3111e-02,-5.3171e-02,-8.4969e-02,-8.5509e-04,8.5883e-02,6.2174e-02,2.2038e-02,2.7314e-03,-1.9292e-03,2.5834e-03,1.9091e-02,2.4318e-02,5.3916e-03,-4.5350e-03,-2.8119e-02,-3.6340e-02,1.3580e-02,-1.3340e-02,5.5124e-02,-4.0257e-02,-2.3239e-02,-9.0823e-03,-2.3178e-03,3.5393e-03,3.7520e-02,-2.1319e-03,-7.5377e-02,-6.2458e-02,1.5700e-03,-4.7446e-03,-8.7778e-03,-3.0845e-02,-6.4075e-06,4.4265e-02,9.2070e-02,9.3946e-02,6.6857e-02,4.1545e-02,-7.2121e-03,-1.6328e-02,-7.0873e-02,5.1194e-02,6.3433e-02,3.1760e-02,7.3653e-02,1.9496e-01,9.2023e-02,8.4447e-02,5.9138e-02,-3.6077e-03,7.3088e-02,-3.6969e-03,-1.9695e-02,1.7099e-02
-4.8928e-02,-1.7436e-01,5.2963e-02,-4.2991e-02,1.3280e-02,-4.2487e-02,-7.9741e-02,-8.3712e-03,-8.4770e-02,-2.7897e-02,2.7693e-02,5.6554e-02,1.7688e-02,-1.1723e-02,3.5356e-02,4.0422e-02,3.7400e-02,-1.4688e-01,1.8402e-02,4.4072e-02,5.1988e-02,-2.9532e-02,-4.2039e-02,-3.0424e-02,2.7151e-02,7.0946e-02,8.8405e-03,-1.4001e-02,-4.9569e-02,1.0144e-02,-3.3802e-02,1.2542e-02,1.9589e-04,-2.8687e-02,1.5364e-02,1.1161e-02,-4.4328e-04,-3.1652e-03,-6.4078e-02,-4.7625e-02,-2.0865e-02,-3.8300e-02,-9.2357e-04,-3.6739e-02,-1.5692e-02,-3.2396e-02,7.5993e-02,2.1618e-02,6.1620e-02,2.7725e-02,3.6430e-02,5.8434e-03,3.4176e-02,-1.7245e-02,-1.6749e-02,-7.0474e-03,1.4960e-02,2.0182e-02,-4.7446e-03,-6.3974e-02,-3.8161e-02,1.0790e-02,1.1703e-02,-4.9511e-02,-1.7702e-02,1.7303e-02,-1.9175e-02,-7.5967e-03,1.2914e-03,6.9757e-03,1.1852e-02,3.8144e-02,2.5646e-02,-4.5263e-02,-2.2862e-02,-2.5584e-02,-1.7932e-02,-4.7221e-02,-4.8559e-02,-4.7069e-02,2.4369e-03,6.1619e-02,8.7840e-02,1.1054e-01,1.1927e-01,1.1112e-01,4.5602e-02,3.5570e-02,4.2964e-02,3.7944e-02,1.0037e-01,5.6877e-02,3.4985e-02,1.0616e-01,1.1168e-01,-1.9457e-02,-5.8248e-03,3.1545e-02,2.8973e-03,-2.1794e-04
1.6702e-02,-7.3294e-02,-3.1087e-02,-2.1063e-02,4.3149e-02,-2.3816e-02,-7.1629e-02,-5.3866e-02,-3.1067e-02,-7.6833e-02,5.1529e-02,-1.4369e-02,-3.5932e-02,-2.5021e-02,3.1931e-02,4.5241e-03,-2.4826e-02,-9.8636e-03,2.7073e-02,-1.1160e-02,2.5513e-02,-1.7476e-02,-1.9601e-02,-1.0826e-02,-2.3923e-02,-1.0222e-02,-2.8846e-02,4.4432e-02,1.8964e-03,-1.5175e-02,1.0632e-01,3.3882e-02,8.2914e-02,5.5215e-02,1.0760e-01,8.5212e-02,2.5285e-02,2.0768e-02,-5.1827e-02,2.4614e-02,6.0087e-04,-8.8542e-03,8.4385e-03,-2.5737e-02,-9.6125e-03,-4.4377e-02,-1.5514e-02,-8.2962e-02,-1.4326e-02,2.4646e-02,-8.4275e-03,-6.5011e-02,-1.7242e-02,-8.9180e-03,3.5782e-02,-1.1734e-02,1.1178e-02,4.5457e-03,-1.0030e-01,-2.4711e-02,-5.0983e-04,1.7020e-02,-2.6951e-03,-4.3097e-02,-6.1025e-03,5.3850e-02,-6.6925e-03,-1.0528e-02,-3.6687e-03,1.9861e-03,7.1223e-03,1.3378e-02,4.0547e-02,3.9375e-02,-2.2029e-02,2.6356e-02,-4.5896e-05,-5.2320e-02,-2.0898e-02,-1.0082e-02,-2.1948e-02,-4.3414e-02,-7.7520e-03,5.2106e-02,8.8603e-02,1.4031e-01,1.7658e-01,7.5126e-02,8.6053e-02,2.0279e-02,3.0887e-02,-2.0522e-02,2.2482e-02,5.3170e-02,1.5518e-01,-9.5459e-03,-5.0657e-03,-5.3453e-04,3.5785e-02,-4.2982e-02
2.0223e-02,4.0677e-03,-1.9783e-02,-1.2470e-02,2.4647e-02,-2.9914e-02,7.2560e-02,-7.3006e-02,-3.9648e-02,7.2662e-02,-7.4709e-02,-6.2966e-02,-7.0660e-02,3.3241e-02,-4.3760e-03,-7.2779e-02,-9.3487e-02,1.3649e-02,-1.1177e-02,-3.0493e-02,-1.8523e-02,-3.3805e-03,-1.6522e-02,4.6362e-02,5.5656e-03,-2.3611e-02,-4.8294e-02,1.2797e-01,9.2510e-02,-1.7526e-02,-4.4901e-02,2.8250e-02,2.1159e-02,1.1178e-01,4.4127e-02,5.2849e-02,2.1163e-02,5.5258e-02,7.9762e-02,5.2808e-02,2.0501e-02,1.0150e-01,2.2916e-02,7.8367e-03,5.7293e-02,3.2234e-02,-2.8180e-02,5.9373e-02,-1.2032e-01,-1.2209e-01,-6.1003e-02,-1.3160e-02,-6.8699e-02,-2.9216e-02,1.5621e-02,-2.7549e-04,6.4637e-02,-7.1232e-02,-9.2664e-03,3.1567e-03,1.2052e-02,1.9289e-02,-7.5652e-03,-1.0086e-02,1.9814e-02,3.1286e-02,1.6734e-01,1.5262e-02,1.2265e-02,1.2363e-02,1.3133e-02,1.5452e-02,2.1457e-02,5.3281e-02,5.3081e-02,8.7231e-03,4.2017e-02,-8.0485e-03,-7.7474e-03,5.9129e-03,3.8319e-02,7.9983e-02,-2.1239e-02,2.7158e-03,1.3532e-02,3.7336e-02,5.8504e-02,-8.0839e-03,2.8783e-02,5.3538e-02,-5.9415e-02,-9.2107e-04,1.9744e-02,1.9313e-02,-9.4736e-04,5.0652e-02,1.7971e-02,-5.7460e-03,1.2022e-01,-3.7511e-02
-9.0638e-02,1.5776e-03,-4.2457e-03,-4.7133e-03,-2.9195e-02,-4.6797e-02,-8.5674e-02,-3.1640e-02,1.8630e-01,4.8546e-02,-9.2940e-03,-3.3576e-02,-1.0716e-02,-1.2341e-02,-1.0560e-01,-5.3890e-02,-3.6386e-02,1.2362e-02,-1.9476e-02,-3.6188e-02,-3.2517e-02,2.8160e-02,2.7431e-03,-1.9872e-03,7.6819e-03,1.1204e-02,2.2477e-02,6.9159e-02,9.4130e-02,3.8306e-02,8.1660e-03,-3.9577e-02,2.3331e-02,5.3001e-02,6.9522e-02,9.6344e-02,1.9435e-02,2.4982e-02,-2.6931e-03,-4.2629e-03,-1.7771e-02,9.2637e-03,-1.5177e-03,-8.7061e-03,-6.7289e-03,-4.5359e-02,-1.2911e-01,-3.9372e-02,-3.2552e-02,-1.2622e-01,-1.1979e-01,-5.0573e-02,-1.3591e-01,-5.0042e-02,-3.3523e-02,-4.4927e-02,-9.4384e-02,-5.5192e-02,-3.8408e-02,1.2440e-02,5.1651e-02,-2.4288e-02,1.4910e-02,-2.1264e-02,1.5553e-02,3.1866e-02,5.2476e-02,1.0139e-01,4.7775e-02,4.2694e-02,3.6596e-02,3.2405e-02,3.2891e-02,4.1400e-02,8.5657e-02,7.2693e-02,6.4672e-02,9.2655e-02,4.9359e-02,1.5946e-01,7.4262e-02,5.2502e-02,2.6822e-02,-4.2590e-02,-9.0672e-02,-6.8190e-03,3.1655e-02,3.9339e-02,-1.7595e-02,1.2194e-01,4.2791e-02,1.3864e-02,4.1241e-02,1.9357e-02,-5.3418e-02,6.9536e-02,4.3145e-02,1.6884e-02,-2.2685e-02,1.1947e-02
-6.1371e-02,2.1482e-02,-8.5956e-03,-4.1078e-02,-7.1161e-02,-1.6526e-01,-7.4734e-02,-1.5577e-02,-1.1617e-01,-6.3896e-02,8.9048e-03,-2.0508e-01,-1.7284e-02,-4.5891e-02,-6.0727e-02,-8.7462e-02,-4.3793e-02,-1.9173e-02,4.5232e-03,-2.9658e-02,-3.3204e-02,-8.3170e-03,6.8908e-02,-9.1503e-03,9.1476e-02,-2.5256e-02,9.0960e-02,8.8240e-03,8.0728e-02,7.1469e-02,4.7520e-02,4.4636e-02,1.2921e-01,-1.9888e-02,3.7850e-03,6.0596e-02,8.3180e-02,1.9985e-03,1.0637e-02,6.4853e-04,-3.0266e-02,-4.0035e-02,-2.6091e-02,-1.9710e-02,-2.3822e-02,-7.6017e-02,-1.0133e-01,-3.5254e-02,2.1718e-02,-1.7816e-02,-1.7044e-01,-7.8762e-02,-9.6012e-02,-1.1554e-01,-8.0051e-02,-7.2517e-02,1.0453e-03,1.0497e-02,3.1281e-02,-3.3172e-02,-9.7898e-02,-5.1143e-02,3.8308e-03,1.4058e-02,3.8220e-02,5.0310e-03,1.6984e-02,4.6018e-02,5.7833e-02,4.9902e-02,5.7205e-02,5.6840e-02,5.2505e-02,5.1894e-02,6.1874e-02,7.7121e-02,9.9279e-02,1.5477e-01,6.0474e-02,4.9410e-03,2.1113e-02,1.6198e-02,5.9871e-03,-1.2030e-02,-3.5518e-02,-8.3636e-02,-1.2412e-02,4.6755e-02,-8.3456e-03,4.0027e-02,5.1361e-02,6.3752e-02,1.8912e-02,-8.1205e-02,7.3262e-03,-6.0826e-02,-2.0188e-02,7.9126e-03,-1.5009e-02,6.4675e-02
5.3598e-02,3.6073e-02,-1.8188e-03,-6.1939e-02,-1.3782e-01,6.4866e-02,-2.1090e-03,-1.3033e-01,-1.2623e-01,-1.4403e-01,-9.2894e-02,-2.9506e-02,6.5275e-02,-1.2128e-01,-8.1798e-02,-5.5305e-02,-5.2292e-02,-4.7708e-02,-3.0365e-02,1.1171e-02,1.9969e-03,1.6955e-02,7.0075e-02,9.2520e-02,2.3744e-02,6.4534e-02,4.8634e-02,-1.4098e-02,8.2224e-02,1.4077e-01,9.5220e-02,8.6696e-02,1.3604e-01,6.8861e-02,2.7179e-02,2.7624e-03,-5.7915e-02,1.0351e-02,5.5122e-02,4.0080e-02,-7.7453e-03,-2.7786e-02,5.5485e-02,-2.1215e-02,-4.2529e-02,-3.9479e-02,-3.1724e-02,-4.6799e-02,-4.1947e-02,-1.6445e-02,5.0475e-02,-7.6561e-02,-6.1535e-02,-1.2322e-01,-9.8226e-02,-1.4798e-01,-6.3532e-02,-6.0814e-02,-5.3990e-02,-2.3117e-02,3.9451e-02,2.6837e-02,2.3736e-02,-3.7217e-02,-4.4683e-02,-3.4371e-02,-7.4948e-03,2.2869e-02,1.0412e-01,1.1295e-01,1.3892e-01,1.5792e-01,1.6129e-01,1.3603e-01,9.6563e-02,7.1554e-02,1.0142e-01,4.7239e-02,7.7157e-02,-2.0871e-02,-1.2524e-02,3.9380e-03,4.8963e-03,3.5217e-04,-1.4084e-02,-3.6980e-02,-7.2315e-02,3.9473e-03,2.3437e-02,-2.1234e-02,1.4698e-01,3.2939e-02,-1.2424e-03,-1.5074e-02,-4.4741e-02,3.0341e-03,5.8757e-02,-1.0119e-01,-2.1805e-02,3.2304e-02
7.9020e-02,5.7404e-02,2.4359e-03,-8.9716e-02,-9.8360e-02,5.9379e-02,-7.4306e-02,-1.0216e-01,-1.7078e-01,-6.4028e-02,-7.8895e-02,-9.9196e-03,-1.8126e-01,-3.1823e-02,-3.2808e-03,-4.9372e-02,-5.5172e-02,-5.5024e-02,-5.1979e-02,-4.5010e-02,-2.8227e-02,3.9616e-02,8.3447e-02,1.7434e-03,3.1402e-02,5.0774e-02,6.9082e-02,8.6095e-02,1.5073e-01,2.5038e-01,1.7583e-01,1.6634e-01,1.0159e-01,1.6272e-01,5.5753e-02,3.7067e-02,1.1570e-01,5.5016e-02,3.1570e-02,-1.6339e-02,1.3839e-02,1.0008e-01,-1.6231e-02,-2.9416e-02,-7.3918e-02,-2.7020e-02,2.7832e-02,-9.8856e-02,-7.7676e-02,-6.3292e-02,-4.5274e-02,-8.3056e-02,7.8581e-02,-6.3141e-02,-1.6134e-01,-1.0103e-01,-1.3153e-01,-1.1492e-01,-6.5878e-02,-5.3842e-02,-1.8305e-02,2.5477e-02,7.5587e-02,6.9323e-02,1.3388e-02,-1.0800e-02,-8.7632e-03,1.5604e-03,7.6901e-03,1.2920e-01,2.5353e-02,3.5471e-02,5.3364e-02,6.3392e-02,5.3900e-02,7.9709e-02,7.4593e-02,7.0512e-02,9.5578e-02,3.0685e-02,-5.8506e-02,-1.3543e-02,-1.7059e-04,1.9417e-03,-3.4646e-03,-2.8342e-02,-6.9570e-02,-7.1504e-02,-4.3767e-02,1.9972e-02,2.4800e-02,3.2904e-03,-1.3975e-02,-1.9631e-02,-2.5690e-02,-3.4369e-02,-8.7722e-02,2.3657e-02,-6.0204e-02,-8.2058e-03
2.8463e-02,7.0225e-02,1.3390e-02,4.3527e-02,2.2514e-02,-1.1457e-01,-9.6811e-02,-1.0621e-01,-8.0239e-02,-6.3647e-02,-9.2877e-02,-8.0615e-02,-1.9024e-01,-2.3311e-01,-5.2868e-02,8.1501e-02,-2.9227e-02,-4.9965e-02,-5.1260e-02,-4.7429e-02,-2.8682e-02,1.3254e-02,-2.9956e-02,-1.1740e-02,3.3545e-02,8.7415e-02,1.3000e-01,1.0591e-01,9.6835e-03,9.4152e-02,1.8146e-01,8.8959e-02,-8.9143e-03,-7.2994e-02,2.9569e-02,1.0118e-01,1.1074e-01,8.3455e-02,9.1675e-02,9.6764e-02,9.0913e-02,1.4636e-02,-8.7343e-02,2.2954e-02,-8.3529e-02,-3.6271e-02,7.4935e-03,-3.5652e-02,-1.1919e-01,-1.0088e-01,-8.2669e-02,-5.6837e-02,-5.9217e-02,-9.7358e-02,-1.2343e-01,-7.5991e-02,-8.1568e-02,-7.1413e-02,-5.1826e-02,-5.0912e-02,-7.0835e-02,-5.7320e-02,-1.4772e-03,6.8680e-02,9.1061e-02,6.6479e-02,4.6565e-02,3.0927e-02,2.1812e-02,2.0808e-02,1.5868e-01,3.2358e-02,4.6031e-02,6.1571e-02,4.7978e-02,8.9155e-02,7.2861e-02,6.7570e-02,4.9362e-02,8.5318e-02,-6.4161e-04,-6.2677e-02,-1.2114e-02,-5.3349e-04,5.7235e-04,-1.5177e-02,-8.6607e-02,-6.1224e-02,-1.0643e-01,-1.3848e-01,-1.3261e-01,-6.1642e-02,-4.2509e-02,-4.3079e-02,-5.5110e-02,-9.5097e-02,-3.9344e-02,4.9093e-02,-2.2650e-02,-1.0563e-01
-2.4656e-02,-1.0379e-01,-2.3871e-02,-3.2753e-02,-2.0072e-02,-5.2496e-02,1.5051e-02,7.5109e-02,3.8590e-03,-7.4160e-02,-4.5792e-02,-2.5313e-02,-6.4162e-02,-1.4594e-01,-9.5931e-02,-5.9259e-02,-4.7287e-03,3.6319e-02,-1.9258e-02,7.5850e-03,1.5914e-02,-1.2873e-02,-3.1958e-02,1.0311e-02,3.6788e-02,8.6729e-02,1.1600e-01,3.6171e-02,6.4206e-03,-2.2994e-02,3.5064e-02,9.0389e-02,1.0498e-01,6.1955e-02,1.6140e-01,5.0635e-02,4.8229e-02,-4.4688e-02,8.4048e-02,6.9140e-02,1.6961e-02,-4.6315e-02,-1.6327e-02,-3.8804e-02,-2.1268e-02,-2.5738e-02,-2.8064e-02,-4.2061e-02,-6.4473e-02,-1.2828e-01,-1.3822e-01,-1.1242e-01,-1.6614e-01,-6.5956e-02,-1.5193e-01,-7.5071e-02,-1.1572e-01,-6.9266e-03,2.9653e-02,-2.9737e-02,-6.1252e-02,-7.2918e-02,-7.9324e-02,-8.2947e-03,9.9136e-02,6.7482e-02,9.7091e-02,9.0391e-02,7.4372e-02,5.2301e-02,4.7941e-02,1.0873e-01,5.7866e-02,7.0903e-02,5.3943e-02,8.9681e-02,7.5908e-02,6.0585e-02,6.3810e-02,5.3240e-02,7.8171e-02,-1.7543e-02,-5.3223e-02,-3.1158e-03,1.2082e-02,1.7998e-02,-2.9544e-02,4.1240e-04,-4.4596e-02,-1.0080e-01,-7.9973e-02,-1.0349e-01,-6.2853e-02,-7.0246e-02,-6.3506e-02,-4.2426e-02,2.9153e-02,-1.2065e-03,1.1658e-01,-1.6811e-02
-6.2009e-02,2.8803e-02,-7.7482e-02,-1.3464e-02,-8.6299e-02,-1.2691e-01,-1.1257e-01,-5.8915e-02,1.3313e-02,-9.7464e-02,-1.0248e-01,-1.5323e-01,-5.2001e-02,-9.1295e-02,-1.8621e-01,-1.4251e-01,-1.0713e-01,-7.3797e-02,4.0899e-02,-5.0499e-02,5.3156e-03,1.4012e-02,9.3430e-02,3.0010e-02,6.2710e-03,3.7645e-02,4.9329e-02,1.1276e-01,6.4516e-02,-3.1994e-02,-8.1839e-02,1.8524e-02,1.2631e-01,1.8738e-01,1.6995e-01,1.2850e-01,1.1929e-01,1.2063e-01,6.0969e-02,2.8732e-02,-9.2964e-02,-1.0040e-01,-2.5796e-02,-1.7090e-02,-4.6233e-02,-6.8649e-03,-2.5097e-02,-6.7972e-02,-1.0563e-01,-1.1313e-01,-7.3436e-02,-9.5949e-02,-1.1340e-01,-1.1567e-01,-8.6000e-02,-5.2902e-02,-3.3357e-02,-7.1017e-02,-1.1713e-01,-5.7072e-02,1.2753e-02,4.7473e-02,-3.4599e-02,-2.7253e-02,-2.8562e-03,7.5116e-02,9.3933e-02,8.4648e-02,9.9522e-02,9.3923e-02,9.6936e-02,1.0239e-01,1.2834e-01,1.0624e-01,8.9021e-02,9.7954e-02,9.2217e-02,5.4034e-02,7.6788e-02,2.8417e-02,8.9794e-02,9.3103e-02,1.8552e-02,3.0937e-03,3.7037e-02,2.0305e-02,-4.5225e-02,-5.0563e-02,-4.8973e-02,-3.4643e-02,-9.2065e-02,-7.0038e-02,-6.6465e-02,-5.4734e-02,-4.2783e-02,-2.7503e-02,2.5936e-02,-5.8004e-03,3.3701e-02,8.6818e-02
-3.8526e-03,-5.6164e-03,5.7039e-02,-5.4643e-02,-7.4748e-02,-1.4411e-01,-7.6839e-02,-1.5169e-01,-6.9237e-02,-1.1734e-01,-4.6980e-02,-1.7520e-01,-8.3242e-02,-8.3741e-03,-1.0899e-01,-8.1087e-02,-6.0135e-02,-2.5152e-02,-5.6054e-02,-3.9315e-02,4.9389e-02,1.6704e-03,-1.5093e-02,9.4196e-02,1.4309e-01,9.1221e-02,-2.0504e-02,6.4915e-02,1.8706e-01,1.2728e-01,8.9448e-02,1.2399e-01,1.3707e-01,2.0425e-01,1.3215e-01,8.9976e-02,8.8064e-02,4.7567e-02,5.5313e-02,4.5480e-02,1.1410e-02,8.8324e-02,-1.9579e-02,-4.8998e-02,-7.4268e-02,-1.5701e-01,-1.9323e-01,-6.4722e-02,-1.5122e-02,-7.2493e-02,-8.6361e-02,-1.1685e-01,-1.9422e-01,-1.4320e-01,-7.9189e-02,-1.2892e-01,-1.2887e-01,-1.1798e-01,-9.7121e-02,-5.0580e-02,-2.9294e-02,-4.5184e-02,-1.3354e-02,5.9311e-02,6.2280e-02,1.6184e-02,4.6457e-02,1.2464e-01,9.6829e-02,1.0573e-01,8.2975e-02,9.7527e-02,1.4393e-01,1.7750e-01,1.5634e-01,1.2905e-01,1.2719e-01,5.4394e-02,9.5897e-02,6.4256e-02,6.9071e-02,5.9156e-02,3.2556e-02,-3.7350e-02,-6.5030e-02,-2.2244e-02,-3.2523e-02,-4.0015e-02,-6.7095e-02,-2.9971e-02,-3.2860e-02,-1.1559e-01,-2.0379e-02,-3.8380e-02,-3.8274e-02,-7.0263e-02,-1.1785e-02,-1.5029e-02,1.4197e-02,3.0908e-02
3.3894e-02,9.6564e-02,-2.1027e-02,-1.7138e-01,-7.9412e-02,-1.4329e-01,-7.2076e-02,-1.4941e-01,-1.5190e-01,-8.3429e-02,-1.2875e-01,-1.1534e-01,-1.0595e-02,7.3273e-02,2.8513e-03,-6.6956e-02,-7.2451e-02,-9.2443e-02,-1.5816e-01,-4.9936e-02,-1.0569e-01,2.1537e-02,-2.9159e-03,4.9083e-02,-2.4932e-02,-2.3655e-02,-5.6515e-02,5.4567e-03,8.1049e-02,3.9672e-01,2.4272e-01,1.7651e-01,1.4582e-01,1.0104e-01,6.9983e-02,1.2897e-01,3.3106e-02,3.0363e-03,-2.3374e-03,4.0105e-03,8.2527e-03,6.0059e-03,-2.5836e-03,2.5475e-02,1.4668e-02,-6.4041e-02,-9.5161e-02,-1.4864e-01,-1.1411e-01,5.4408e-02,-6.7533e-02,-8.8371e-02,-8.9000e-02,-1.4333e-01,-2.8782e-02,-8.8169e-02,-9.7993e-02,-9.8889e-02,-9.1050e-02,-7.0710e-02,-3.4518e-02,-1.6882e-02,1.8595e-02,9.2077e-03,-1.8161e-02,2.0368e-02,1.3084e-01,3.7922e-02,7.7747e-02,1.6580e-01,1.3473e-01,8.9512e-02,9.4715e-02,1.2677e-01,1.2453e-01,5.7991e-02,6.0737e-02,-8.7147e-03,3.2548e-02,2.7292e-02,-3.4205e-03,3.5919e-02,1.3256e-02,-4.6988e-03,-4.9402e-02,-8.1723e-02,-2.6795e-02,-3.8180e-02,-5.6064e-02,-4.8516e-02,-2.6093e-02,-6.3803e-02,-7.4446e-02,-9.4959e-03,-3.1982e-02,1.7991e-02,-7.6355e-02,-5.8359e-02,-1.6629e-02,3.9561e-02
3.3723e-02,-2.7144e-02,-1.8539e-02,-9.1849e-02,-9.8028e-02,-9.1822e-02,-6.3250e-02,-1.1080e-01,-1.4634e-01,-7.1897e-02,-2.0976e-01,-6.3022e-02,-1.0050e-01,-8.6345e-02,-3.7645e-02,9.9812e-03,-8.6154e-02,-7.2565e-02,-1.7154e-01,4.6048e-03,-1.1233e-02,-6.2625e-02,-3.5226e-02,-8.5040e-03,-1.5006e-02,7.0433e-02,2.0791e-01,1.1815e-01,6.5870e-02,6.2038e-02,1.4345e-01,7.0269e-02,5.9673e-02,5.1474e-02,7.4975e-02,1.2199e-01,3.2433e-02,1.5046e-02,1.0315e-02,1.4739e-02,7.5211e-02,1.8313e-02,-2.6913e-02,-8.6401e-02,-8.9602e-02,5.2785e-02,8.4873e-03,-1.2018e-01,-1.4001e-01,-1.5112e-01,-8.2085e-02,-7.0485e-04,-2.9233e-03,-7.0708e-02,-4.6916e-02,-7.8346e-02,-7.1875e-02,-5.9417e-02,-5.8671e-02,-5.5792e-02,-4.8938e-02,-1.9322e-02,6.4209e-03,1.2314e-03,2.4018e-03,5.7067e-02,-2.0715e-02,-1.0155e-02,1.0114e-01,4.3493e-02,1.2835e-01,1.7671e-01,1.2856e-01,1.0782e-01,8.3754e-02,6.2195e-02,4.9749e-02,2.5065e-02,1.3414e-03,2.8100e-02,-2.2349e-03,2.5883e-02,4.0403e-03,9.2307e-03,-1.5473e-02,-5.0373e-02,-7.6427e-02,-6.1126e-02,-3.8693e-02,-8.1424e-02,-4.0765e-02,-4.4212e-02,-1.2735e-01,-3.2848e-02,-2.1726e-02,-5.1596e-02,-3.1637e-02,-8.2549e-02,-1.0458e-01,-2.6298e-03
5.9427e-02,-1.8362e-01,-6.2591e-02,4.3909e-02,-5.2578e-02,3.5152e-04,-1.9515e-01,-1.1019e-01,-6.1618e-02,-1.2865e-01,-8.2499e-02,-5.6845e-02,-1.7157e-01,-2.1974e-01,-2.1058e-01,-1.8077e-01,-2.1126e-01,-9.5304e-02,3.2753e-02,5.5740e-02,4.1790e-02,5.9692e-02,3.4169e-02,2.0112e-02,8.4720e-03,6.4090e-02,1.5501e-01,1.2214e-01,3.3599e-02,-6.5088e-02,1.4228e-01,3.5719e-02,2.7205e-02,5.0708e-02,5.9614e-02,5.2166e-02,6.4313e-02,3.2778e-02,4.3684e-02,4.6419e-02,4.9024e-02,-1.2305e-02,-1.6806e-03,-1.3368e-02,-3.9603e-02,-4.5622e-02,3.7782e-02,-9.9941e-03,-1.4032e-01,-1.3192e-01,-1.8294e-01,-1.0094e-01,-7.1387e-02,-3.2205e-02,-9.6130e-02,5.3782e-02,-7.5518e-02,-1.1255e-01,-4.1313e-02,-1.7304e-02,-5.6644e-02,-3.9606e-02,-2.0231e-02,-1.0026e-02,-1.4774e-02,-1.5523e-02,7.5790e-03,5.4876e-02,8.3045e-03,6.4198e-02,3.9449e-02,7.3983e-02,1.1046e-01,7.9963e-02,4.8349e-02,9.1830e-02,1.5841e-01,1.1699e-01,6.7831e-02,6.7401e-02,3.9683e-02,1.6610e-02,7.1999e-03,-3.9425e-03,2.3184e-02,-2.0968e-02,-8.1149e-02,-1.0901e-01,-6.7571e-02,-6.9353e-02,-8.9904e-02,-6.0861e-02,-1.0009e-01,-1.5028e-01,-4.9146e-02,-5.0239e-02,-5.9983e-02,-4.4600e-02,-8.1284e-02,-7.5118e-02
-4.5843e-02,-1.1899e-02,-4.8570e-02,-5.1364e-02,-5.7521e-02,-1.7280e-02,-7.8662e-02,-7.7897e-02,-1.5518e-01,5.6982e-03,-6.3208e-02,-1.2009e-01,-1.3507e-01,-2.1848e-01,-1.0401e-01,-9.1283e-02,-2.0236e-02,7.7598e-03,-1.3044e-02,1.2710e-02,1.1454e-03,-1.8572e-02,4.5767e-02,6.8325e-02,3.7214e-02,5.1855e-02,2.2417e-02,6.7512e-02,1.0145e-01,-2.7777e-02,3.0791e-02,6.6298e-02,4.4916e-02,5.4633e-02,2.2141e-02,2.7471e-02,8.3652e-02,9.9095e-02,4.1954e-02,5.3416e-02,1.0904e-02,-7.9340e-03,5.1056e-03,2.7407e-03,-2.3623e-02,-4.0727e-02,-1.8791e-02,-2.1717e-02,-9.3731e-03,-1.4787e-01,-1.1939e-01,-1.2937e-01,-1.1873e-01,-5.2589e-02,-1.3852e-01,-6.6321e-02,-4.0453e-03,-5.6579e-02,-1.3735e-02,-5.4887e-02,-4.9230e-02,1.4661e-02,3.2790e-02,2.8187e-02,2.0562e-02,1.0415e-02,5.3310e-03,1.7285e-02,7.8154e-02,1.9647e-02,5.7186e-02,8.7665e-02,-1.9472e-02,7.5153e-02,7.5216e-02,7.8959e-02,8.5907e-02,2.2075e-01,8.6498e-02,5.3689e-02,5.2235e-02,9.7076e-03,4.9451e-02,5.1261e-02,1.8648e-02,2.8275e-02,-7.0899e-02,-6.8938e-02,-1.2201e-01,-1.0809e-01,-1.3283e-01,-1.1642e-01,-1.1120e-01,-1.6786e-01,-1.5744e-01,-3.3583e-02,3.2784e-03,1.1115e-02,-2.2088e-02,-2.5015e-03
-6.0926e-02,2.5224e-02,4.8781e-02,-3.9684e-02,-5.4254e-02,-5.9586e-02,-4.2956e-02,-1.0225e-01,4.1531e-02,-3.8337e-02,-3.9531e-02,-4.8160e-02,-2.4589e-02,-1.6639e-02,-3.9054e-02,-7.1945e-03,9.4992e-03,-5.7811e-02,4.0985e-02,-1.7014e-02,2.7200e-02,-7.5719e-03,1.7780e-02,-6.1417e-04,5.1208e-02,2.2490e-03,5.1856e-06,9.7748e-03,6.8290e-02,7.1256e-02,-1.8321e-02,1.9101e-01,6.8749e-02,2.1637e-02,1.7331e-02,3.6378e-02,6.5768e-02,4.5566e-02,7.5845e-02,6.3300e-02,-2.8875e-02,-3.8850e-02,-2.8364e-02,-2.5716e-02,-3.8809e-02,-4.9109e-02,-3.9463e-02,-3.2515e-02,-6.7251e-02,9.9054e-03,-1.3333e-01,-9.9353e-02,-9.1741e-02,-1.3230e-01,-1.2694e-01,-8.7275e-02,-2.8106e-02,1.8816e-02,-4.9728e-02,-6.4846e-02,-2.5530e-02,5.6218e-02,1.1261e-02,3.0459e-02,7.4372e-02,1.1641e-01,1.0941e-01,9.0733e-02,9.2941e-02,6.4368e-02,2.6047e-02,2.1308e-02,4.6695e-02,8.5942e-02,1.2494e-01,7.9673e-02,6.6505e-02,6.7138e-02,1.3462e-01,8.9664e-02,3.0480e-02,-2.3084e-02,1.5157e-02,2.9312e-02,2.4148e-02,-3.3588e-02,7.8433e-02,-1.1137e-02,-7.3291e-02,-1.2557e-01,-1.0963e-01,-1.3674e-01,-8.8935e-02,-9.4962e-02,-1.4229e-01,-1.1457e-01,1.7526e-02,6.0935e-02,5.8140e-02,2.0384e-02
1.3582e-02,5.0542e-02,4.6272e-02,6.5554e-02,3.7912e-02,7.6693e-02,3.7608e-02,-8.1084e-03,8.6536e-02,-6.2154e-02,1.3650e-02,-4.7296e-02,-5.6351e-02,-5.9445e-02,-5.5483e-02,-2.6203e-03,-3.4240e-04,-3.5512e-03,-2.9796e-02,-6.1422e-02,-4.5196e-02,8.3790e-03,2.2891e-03,2.0618e-02,2.8781e-02,7.4978e-03,8.3446e-03,1.2908e-02,2.4226e-02,1.0567e-01,4.5783e-02,9.9046e-02,1.2401e-01,3.3766e-02,4.5720e-02,4.9843e-02,5.2711e-04,-2.6292e-02,4.6062e-03,-2.7950e-02,-4.5960e-03,2.5690e-02,5.2229e-02,4.6460e-02,3.6740e-04,-4.4160e-02,-4.7871e-02,-2.3802e-02,-6.6073e-02,-7.1560e-02,6.3024e-02,-8.6407e-02,-6.1423e-02,-6.2144e-02,-1.2604e-01,-1.1671e-01,-7.1281e-02,-4.7276e-02,6.7333e-02,-2.5918e-02,-1.2076e-01,-5.0809e-02,-2.5884e-02,5.6589e-02,3.1874e-02,3.3236e-02,5.9222e-02,8.7466e-02,1.0767e-01,8.2038e-02,1.5747e-02,5.3979e-02,1.1854e-01,9.7992e-02,5.4990e-02,9.1670e-02,6.3361e-02,6.3543e-02,6.8908e-02,8.0782e-02,9.4601e-02,-4.2809e-02,2.2663e-02,-1.1268e-02,-1.0027e-01,-2.7302e-02,-2.6636e-02,-1.3101e-02,2.7763e-02,1.8254e-02,-5.9951e-02,-6.9065e-02,-9.0014e-02,-5.0179e-02,-6.5235e-02,-1.0263e-01,-5.0954e-02,8.2477e-03,6.9669e-02,6.2585e-02
1.9408e-02,-2.7433e-02,3.3335e-02,-4.8789e-02,-3.3231e-02,-9.5183e-02,-7.1437e-02,-9.1585e-03,-4.9507e-02,-9.9214e-02,-4.8735e-02,1.1323e-02,1.4896e-02,2.7249e-02,-6.4747e-02,-5.1835e-02,-7.9833e-03,2.3874e-02,3.9623e-02,-1.3265e-02,-1.3170e-02,4.0705e-02,1.0124e-02,3.6171e-02,4.7592e-02,3.1200e-02,4.7392e-02,8.5124e-02,1.3361e-01,1.4473e-01,1.1603e-01,6.6162e-02,1.0076e-01,1.8531e-01,4.8770e-02,-1.0087e-02,-3.6516e-02,-4.6168e-03,-1.9297e-02,-9.7462e-03,4.3625e-03,1.5559e-02,5.7778e-03,-2.4940e-02,-6.0525e-02,-9.1994e-02,-1.0826e-01,-7.6830e-02,-6.0352e-02,-3.9768e-02,-6.4087e-03,9.4666e-02,3.2230e-02,-3.7863e-02,-8.0975e-02,-8.3859e-02,-1.2929e-01,-5.7003e-02,-3.2000e-02,-4.4570e-02,2.0731e-02,-4.6034e-02,-4.3356e-02,-3.7509e-02,-1.9162e-02,5.9836e-02,4.0203e-02,5.0201e-03,-5.0784e-02,3.4678e-02,9.0839e-02,6.2728e-02,9.9944e-02,1.6898e-01,1.5439e-02,8.2635e-02,5.8946e-02,5.4114e-02,5.5744e-02,4.2374e-02,5.5281e-03,6.0087e-02,-1.0032e-01,-3.6728e-02,-4.9925e-02,-2.6602e-02,-6.0599e-02,-5.1707e-02,-2.3731e-02,7.1226e-02,-4.4353e-03,-3.0873e-02,-2.8773e-02,-1.1606e-02,1.2517e-02,-2.1106e-02,-9.4617e-02,-1.0393e-01,-8.3418e-03,9.5301e-02
2.8602e-02,-6.2483e-03,-1.0219e-02,-5.0808e-02,-7.1721e-02,-1.4768e-01,-4.8474e-02,-2.3803e-04,-1.1447e-01,7.7194e-04,-5.7205e-02,-2.5129e-02,1.4161e-02,-9.4447e-03,-3.9803e-02,-8.5420e-03,-1.7660e-01,-5.9182e-02,-6.0046e-02,-7.2675e-02,-4.5382e-02,-5.1842e-03,-2.6218e-02,-1.1935e-02,4.3437e-02,1.1140e-02,1.0554e-02,3.9990e-02,5.0533e-02,4.3165e-02,8.8767e-02,2.1860e-01,8.5864e-02,4.3707e-02,1.0351e-01,1.0794e-01,8.4229e-03,-5.7932e-03,-5.0942e-03,2.4281e-03,9.8482e-04,-2.4427e-02,-5.4668e-02,-7.1408e-02,-7.2965e-02,-6.3599e-02,-4.3025e-02,-1.1676e-02,-3.9243e-02,-8.8439e-02,-1.0997e-01,-1.1262e-01,-3.1964e-02,2.3225e-02,-4.2023e-02,-2.4322e-02,-6.4757e-02,-1.5237e-01,-7.4939e-02,-4.4457e-02,-5.5146e-02,3.2778e-03,8.0014e-02,-1.0888e-02,-2.6930e-02,-2.9301e-02,-6.3282e-03,-2.5257e-02,2.4105e-02,-6.0582e-03,4.0833e-02,2.9575e-02,8.0218e-02,2.3565e-02,-3.4608e-02,-3.1401e-02,-3.2778e-02,-6.1738e-02,-3.7820e-02,-1.0512e-02,-7.8991e-03,-8.2968e-03,-1.0917e-02,-2.7252e-02,-4.8507e-02,-4.7294e-03,-5.6281e-02,-4.6959e-02,-3.2615e-02,-1.9510e-02,1.6541e-03,-1.1976e-03,-2.5759e-02,-6.5106e-02,-3.6484e-02,-2.0570e-02,-3.3978e-02,-8.0565e-02,-1.0785e-01,-8.5590e-03
-2.7201e-02,1.0664e-02,-7.6120e-03,-7.0926e-02,-3.6878e-02,-1.2607e-02,4.0682e-02,-3.5748e-02,-7.1748e-02,-4.4507e-02,-1.9762e-02,-8.6793e-02,-1.0002e-01,-8.0351e-02,3.2286e-02,-4.8349e-02,-2.1491e-02,-3.3332e-02,-4.1622e-02,-6.2876e-02,-3.5335e-02,-2.1844e-02,-4.2806e-02,-4.2039e-02,-2.3963e-02,2.0334e-02,5.8238e-02,3.3598e-02,1.8856e-02,3.1683e-02,1.3616e-03,-9.6374e-02,8.3652e-02,3.6721e-02,-1.5167e-02,-6.6248e-03,3.1570e-02,1.0695e-01,1.1012e-01,3.7452e-02,-5.9586e-03,-2.2339e-02,-2.7090e-02,-2.6909e-02,-2.3191e-02,-1.4009e-02,6.3061e-03,2.9979e-02,6.3208e-03,-2.4263e-02,-4.1094e-02,-3.7503e-02,-1.0883e-01,-6.5025e-02,-1.1591e-02,-3.1651e-02,-2.9585e-02,9.4804e-03,-3.5928e-02,4.6533e-03,4.2573e-03,2.7367e-03,-2.5826e-03,5.6027e-02,2.2780e-02,4.3360e-02,2.6020e-02,1.5410e-02,4.5560e-02,-4.4915e-02,-4.4132e-02,4.4362e-03,3.9206e-03,-2.5230e-02,2.9851e-02,-1.3995e-02,2.8625e-02,-7.2137e-03,2.1664e-03,1.2225e-02,1.1907e-03,2.5464e-03,-3.8749e-02,-5.8993e-02,8.6702e-02,2.2093e-02,-3.5277e-02,-3.3096e-02,-2.6538e-02,-2.0828e-02,-1.8415e-02,-2.1649e-02,2.3291e-02,-2.0519e-03,-6.1017e-02,-1.9799e-02,-6.0425e-03,-8.6526e-03,-3.3143e-02,-8.9278e-02
-9.9753e-02,-4.4526e-02,2.4763e-02,7.3653e-02,1.0795e-01,1.2043e-01,-6.6768e-03,6.4498e-02,-6.2659e-03,-9.6797e-02,-1.1699e-01,-9.2361e-02,-6.1004e-02,1.4192e-02,1.7609e-02,-4.6291e-02,-5.1663e-02,-4.9630e-02,-1.6284e-02,1.7458e-02,7.2678e-03,3.6272e-02,4.3589e-02,4.9903e-02,5.6597e-02,3.2644e-02,8.0918e-03,1.0596e-02,3.2990e-02,-3.0874e-02,-1.0547e-01,-2.1012e-01,-1.5153e-01,-5.4260e-02,-6.9353e-02,4.3427e-02,-1.5814e-02,-1.9537e-02,-1.3143e-02,-2.9228e-03,1.1775e-02,3.4833e-02,7.4252e-02,1.3092e-01,1.3541e-01,8.1538e-02,6.2948e-02,5.0166e-02,1.5551e-02,-8.2664e-03,7.9735e-03,-5.5332e-02,-9.7298e-02,-1.2208e-01,-3.9202e-02,8.0806e-02,4.0527e-02,-2.2567e-03,-7.7110e-03,-6.4507e-03,7.3178e-02,6.9842e-02,4.2617e-02,2.6482e-02,5.8715e-02,8.3491e-02,-9.9483e-02,-6.3943e-02,2.1114e-03,6.2931e-02,7.6947e-02,8.7115e-02,4.0022e-02,1.5684e-02,6.3969e-02,1.6918e-03,5.3982e-02,9.8428e-03,1.6942e-02,4.2686e-02,4.6354e-02,4.4370e-02,4.1535e-02,-5.7955e-02,8.7265e-03,1.7273e-01,-4.0164e-03,-1.7491e-02,-1.7202e-02,-1.4845e-02,-1.3562e-02,-1.7740e-02,-3.1250e-02,1.0109e-03,5.8508e-02,-3.2963e-02,5.2549e-03,2.0311e-02,2.5956e-02,1.1146e-02
